-109.5720527	44.9982756	-182.435
-111.477465	44.9960937	-211.19
-110.1931666	44.994855	-198.915
-110.053572	44.9962716	-199.64
-109.9183972	44.9941068	-189.87
-111.2152841	44.9915975	-198.26
-111.156452	44.9939287	-186.63
-111.0821192	44.9923471	-182.75
-111.0802791	44.9925991	-182.82
-110.6924355	44.9921038	-214.795
-110.0557421	44.9909387	-197.09
-109.7381504	44.9913601	-179.16
-111.430963	44.9860964	-207.48
-111.3387891	44.9892644	-209.3
-110.3509224	44.9877725	-206.12
-111.4662944	44.9800946	-206.68
-111.3699504	44.9814286	-208.65
-111.3586199	44.9789297	-203.63
-111.3104579	44.9814297	-201.37
-111.082119	44.9782639	-180.56
-110.7040958	44.9797676	-217.2
-110.6974356	44.9798517	-211.875
-109.8390644	44.9782733	-180.675
-111.4947956	44.9744259	-206.01
-111.3984615	44.9777619	-209.5
-111.1719524	44.9767622	-192.62
-110.699975675	44.9764351	-216.41
-110.0655226	44.974549	-192.74
-109.839341067	44.9775519667	-180.186666667
-111.3516195	44.9709307	-210.54
-111.0786188	44.9710999	-182.1
-110.2179075	44.9727703	-199.79
-109.5020597	44.9716109	-181.59
-111.4774648	44.9684292	-211.08
-111.4457935	44.9665947	-203.74
-111.2042835	44.9672635	-197.37
-110.7084359	44.9663525	-215.815
-110.1527454	44.9671053	-210.54
-110.0740729	44.9698551	-197.705
-111.3947913	44.9620946	-207.01
-111.0757786	44.9649309	-183.02
-111.0691183	44.964763	-182.95
-110.9549442	44.9622652	-202.93
-110.6879252	44.9646037	-214.135
-111.4149621	44.9610942	-209.46
-111.3821207	44.9607638	-206.81
-111.3616199	44.9610952	-204.09
-111.0674482	44.958375	-182.31
-111.4427933	44.9570966	-203.91
-110.6779347	44.9573523	-213.81
-110.5669307	44.957769	-217.76
-110.5294194	44.9552714	-214.005
-110.5124288	44.9549396	-214.48
-110.4999283	44.9552711	-214.215
-110.4801725	44.9543532	-214.035
-111.5007957	44.9510944	-211.29
-111.3231182	44.9532648	-200.04
-110.8462705	44.9507656	-201.7
-110.6040921	44.9532716	-215.695
-110.2510887	44.9532731	-200.99
-111.4784647	44.9472607	-205.35
-111.3574596	44.94893	-205.05
-110.714436	44.9476014	-215.58
-110.6997655	44.9466026	-208.68
-110.6145924	44.9482705	-213.4
-110.5024184	44.9466047	-210.15
-111.2902867	44.9454292	-196.54
-111.1376107	44.9447615	-187.16
-110.4506764	44.9437694	-211.325
-110.3076659	44.943606	-202.085
-110.0820833	44.9452735	-198.73
-110.0817433	44.9448545	-198.4425
-109.7790725	44.9448572	-181.88
-109.7779025	44.9443572	-181.615
-109.5590526	44.9432765	-180.99
-109.547392	44.9448594	-187.225
-111.4406231	44.9419283	-204.36
-111.35620445	44.93992935	-200.505
-111.3242881	44.9419305	-200.51
-111.2634455	44.9370985	-193.31
-111.1939528	44.9379284	-191.34
-110.7306865	44.9348527	-215.215
-110.4800876	44.9359383	-222.51
-110.4419261	44.9357705	-213.76
-109.5365616	44.9366116	-182.625
-110.7340966	44.9332692	-216.91
-110.7265163	44.9335192	-215.13
-110.5901765	44.9311047	-216.665
-110.1440754	44.9306068	-198.57
-109.7457313	44.9337777	-182.34
-109.7262305	44.9302757	-182.6
-111.4714543	44.9269285	-204.97
-111.3597895	44.9272625	-202.81
-111.3182877	44.9299293	-201.13
-111.0534472	44.9284319	-182.2
-110.0822434	44.9286038	-194.65
-109.9076524	44.9262748	-195.95
-109.708789667	44.9290831	-182.566666667
-109.6475668	44.9289447	-182.71
-109.6390664	44.9298597	-179.46
-111.3151176	44.9235972	-191.81
-111.050697	44.9232628	-185.47
-110.3156663	44.9232701	-206.185
-110.28092	44.9242703	-200.61
-111.4097916	44.9197614	-201.07
-111.3119474	44.9182641	-197.36
-111.1064491	44.9182648	-179.87
-110.7336815	44.9202691	-217.15
-110.4709273	44.9206034	-225.8
-110.4140851	44.9216027	-219.92
-110.4010846	44.9217707	-215.16
-110.3200915	44.9201041	-207.38
-110.2942505	44.9186053	-203.39
-110.0971339	44.9200787333	-199.301666667
-111.49904035	44.9167578	-206.04
-110.5951767	44.9168527	-216.065
-110.4181753	44.9166057	-218.13
-110.4122551	44.9158833667	-218.776666667
-110.3235817	44.9143552	-209.125
-110.2590792	44.9147715	-204.72
-110.1124044	44.914856	-200.425
-111.3601294	44.9124261	-203.15
-111.3376184	44.9127625	-202.37
-111.3141174	44.9102609	-190.54
-111.2836261	44.9125955	-186.02
-111.1904524	44.9135942	-185.81
-111.0524469	44.9115977	-182.46
-110.8951015	44.9101003	-194.35
-110.6204326	44.9136024	-217.7
-110.3920843	44.9139388	-214.82
-110.3737536	44.9114369	-213.88
-110.2819201	44.9137724	-203.65
-110.25966925	44.9126885	-203.18
-111.4497932	44.9087595	-202.44
-111.2009427	44.9097599	-188.07
-110.3425924	44.9074391	-211.4
-110.1165846	44.9069401	-201.89
-111.3946308	44.9039263	-192.69
-111.3264579	44.9054275	-197.36
-111.2909563	44.9025971	-188.91
-111.2647852	44.9039285	-190.22
-110.8310994	44.9037687	-203.3
-110.2453588	44.902883	-206.756666667
-111.3422885	44.8980951	-197.31
-111.0757777	44.8992641	-182.41
-110.3784238	44.899772	-222
-110.3679134	44.898604	-217.77
-111.3186175	44.8964284	-195.69
-111.2597849	44.8957614	-196.77
-111.1251196	44.8960972	-185.6
-111.0522767	44.8944315	-181.5
-111.0474465	44.8947636	-182.88
-110.734319633	44.8943227333	-214.893333333
-110.2356635	44.8966061	-205.095
-110.1235749	44.8978562	-201.135
-109.666228	44.8979431	-182.93
-111.4354625	44.8932594	-200.09
-111.354949	44.8920937	-194
-111.2102829	44.8930936	-194.74
-109.9299084	44.8911082	-196.565
-109.8304049	44.8924439	-188.87
-109.6973995	44.8932772	-176.49
-109.6573976	44.8932772	-182.03
-111.4912948	44.8882574	-209.9
-111.4619636	44.8880939	-204.37
-111.4221219	44.8899256	-198.89
-111.1951223	44.8895958	-193.75
-111.0474464	44.8865955	-183.06
-110.5637606	44.889105	-222.26
-110.4949183	44.8867703	-234.28
-110.3902543	44.88955	-224.076666667
-110.3890943	44.8898535	-223.995
-110.3305821	44.8874394	-220.02
-110.1407455	44.8886073	-203.34
-111.3274578	44.88543	-197.83
-111.1341098	44.8824289	-188.62
-110.2205161	44.8843722	-205.372
-109.8304049	44.884608	-177.48
-111.4381225	44.8780921	-200.79
-111.1842818	44.881596	-192.64
-110.6799344	44.8799366	-212.16
-110.3464127	44.8792713	-224.8
-110.15157986	44.879073	-203.904
-109.7171455	44.8796093	-186.815
-111.1586207	44.8764274	-195.58
-111.046442867	44.8753183	-184.32
-110.9732735	44.8742625	-187.65
-110.7348728	44.8754906667	-222.91
-111.3432033	44.8703444	-195.445
-111.3086168	44.873929	-194.77
-110.187133767	44.8709391667	-205.003333333
-110.1594162	44.8732725	-205.77
-111.3624591	44.8670115	-194.16
-111.2349537	44.8690939	-190.44
-111.1881118	44.8687598	-192.63
-111.1231092	44.8680969	-186.55
-111.0494462	44.8665992	-190.62
-110.6174323	44.8674363	-217.69
-110.4090851	44.866103	-234.375
-111.3677093	44.8620938	-196.39
-111.3347879	44.8649294	-195.63
-111.33255378	44.8639618	-194.994
-111.2856258	44.8637621	-194.48
-111.1524403	44.8645943	-190.18
-110.4007548	44.864104	-235.2
-110.3949246	44.8647721	-234.59
-110.2912507	44.8629378	-223.93
-109.5223914	44.8632799	-188.775
-111.3891302	44.8597594	-182.44
-111.3724595	44.8599277	-196.6
-111.3677893	44.8619268	-197.17
-110.9531027	44.8609309	-189.37
-110.4124253	44.861606	-232.8
-111.4881345	44.8574269	-210.86
-111.3880401	44.8550938	-193.43
-111.0561963	44.857348	-191.9
-109.8271501	44.8543586	-182.125
-111.4464526	44.8539254	-199.88
-111.3124568	44.8515924	-196.94
-111.1964419	44.8527604	-191.68
-111.1519501	44.8510942	-188.66
-111.0634465	44.8524308	-189.97
-110.737106	44.8502689	-217.21
-110.4167555	44.852939	-236.56
-109.5023806	44.8516102	-188.7
-111.2199528	44.847427	-187.77
-110.737426	44.8466029	-218.015
-110.429096	44.8471059	-236.02
-109.6177261	44.8466129	-186.45
-111.3222872	44.8447601	-193.27
-110.7331808	44.8428514	-217.105
-110.0345823	44.8444413	-204.12
-109.6090557	44.844862	-185.97
-109.5857246	44.8431111	-185.81
-111.4199614	44.8395935	-192.77
-111.2985411	44.8412623	-198.475
-111.1467798	44.8384292	-196.67
-110.7651867	44.8382677	-221.365
-110.2835905	44.8397711	-235.22
-109.7275714	44.8393612	-182.665
-111.4986248	44.8353413	-212.64
-111.2034521	44.8367612	-188.99
-110.6773491	44.8353526	-215.245
-110.1999176	44.8372738	-218.76
-110.1500761	44.835607	-209.82
-111.4883793	44.8331744	-210.715
-111.4757088	44.8332566	-208.485
-111.3229571	44.8300927	-189.2
-111.3087015	44.833759	-193.025
-110.7296056	44.8339349	-218.28
-110.4467567	44.8312709	-234.62
-110.3149117	44.8314399	-239.79
-111.4573804	44.8269257	-200.295
-111.4287917	44.8299272	-196.69
-111.2641245	44.8265954	-196.285
-111.1206085	44.8267605	-194.08
-110.5657607	44.8296029	-223.4
-110.4870982	44.8291035	-247.93
-110.4505969	44.8282728	-240.87
-110.2542494	44.8286065	-236.97
-109.902908	44.8281094	-197.005
-111.269898033	44.8258153	-197.313333333
-111.2272829	44.8235926	-190.87
-111.1977817	44.8257591	-190.32
-110.4474268	44.8247709	-241.06
-110.4451767	44.8237709	-234.74
-110.9756027	44.8194303	-191.79
-110.8554392	44.8187647	-197.495
-110.7270954	44.8203519	-218.16
-110.4502569	44.8199379	-234.23
-111.4797938	44.8149232	-216.34
-111.3824595	44.8147605	-195.83
-111.294559033	44.8169824667	-192.196666667
-111.256117333	44.8137622	-198.396666667
-111.1324489	44.8134271	-203.93
-110.8015975	44.8110988	-218.52
-111.2756998	44.8090928	-193.65
-111.1906962	44.8082611	-201.565
-111.1741105	44.8082614	-194.48
-111.0970573	44.8064282667	-201.446666667
-110.9202709	44.8062634	-194.33
-110.7340955	44.8079338	-217.11
-110.7044347	44.8082692	-221.4
-110.2282487	44.806108	-237.57
-110.2257486	44.807775	-235.69
-111.196364733	44.8035365667	-201.188333333
-111.1721104	44.8033709667	-201.433333333
-110.5626006	44.8027709	-223.25
-110.4474268	44.804355	-235.09
-111.235443	44.8011489667	-191.946666667
-110.8674393	44.7999314	-155.31
-110.4340864	44.7999371	-237.17
-110.1859174	44.7991083	-227.02
-111.4996246	44.7970886	-207.275
-111.3002858	44.7942601	-181.92
-111.2761147	44.7955924	-190.77
-111.1041075	44.7965934	-207.27
-110.4977588	44.7977695	-227.35
-110.3770942	44.7944367	-245.56
-111.3656186	44.7920092	-186.63
-111.2147821	44.7934255	-205.97
-111.1394439	44.7914288	-213.2775
-110.6015917	44.7937714	-216.45
-110.4099155	44.7916064	-245.75
-110.3782543	44.7932737	-242.39
-110.3042515	44.7901044	-252.93
-111.2754546	44.7890913	-189.04
-111.1156928	44.7865951	-213.27
-110.7390955	44.7874327	-217.93
-111.4747934	44.7849237	-203.94
-111.1126927	44.7845961	-210.755
-110.4531721	44.784854	-231.635
-110.1542465	44.7826057	-224.41
-109.7855743	44.7837774	-193.79
-109.68706	44.7828625	-193.465
-111.4624628	44.7798407	-202.62
-111.2266124	44.7787612	-194.92
-111.1744502	44.7807611	-209.22
-111.1436939	44.7807616	-214.335
-111.1141076	44.77826	-213.425
-111.1124376	44.7807621	-210.92
-110.7404305	44.7804762	-218.1975
-110.3872547	44.7784387	-250.29
-110.2712503	44.7819408	-249.68
-109.8534067	44.7792787	-195.575
-111.2762845	44.7760909	-188.28
-111.2704543	44.7743439	-187.045
-111.1261181	44.7779278	-217.07
-109.9140687	44.7766121	-199.63
-111.113004167	44.773263	-213.81
-110.9416011	44.7725978	-199.37
-110.7347653	44.7736007	-217.65
-110.7335952	44.7712667	-217.96
-110.4559273	44.77027	-229.73
-111.4716231	44.7670894	-202.04
-111.3499577	44.7677588	-211.25
-111.2007812	44.7699265	-199.76
-110.5299298	44.7669352	-222.29
-110.468147733	44.7674929	-223.416666667
-110.8892695	44.7640998	-204.47
-110.4245961	44.7644384	-237.53
-110.2229188	44.7627734	-243.55
-110.1329059	44.7621061	-217.87
-111.4677929	44.7609253	-200.76
-111.2696241	44.7607596	-187.68
-111.2274523	44.76026	-201.99
-111.1131974	44.7593448	-215.46
-111.0966067	44.7592631	-215.9
-111.2736142	44.7567574	-190.33
-111.1633595	44.756677	-202.805
-111.1606994	44.756843	-202.53
-110.5529304	44.7544379	-217.54
-110.5235896	44.7541033	-222.27
-110.5059291	44.7557705	-224.65
-110.4810883	44.7559388	-228.98
-110.3474133	44.7557722	-255.35
-110.3022516	44.7571077	-258.88
-110.1817475	44.7576088	-233.09
-111.1961208	44.7510934	-199.31
-110.7241048	44.7531008	-217.83
-110.4552573	44.7526041	-223.68
-110.4931738	44.7471036	-230.25
-110.0802444	44.7479405	-208.76
-111.472623	44.7430914	-202.525
-111.2441128	44.7442606	-195.79
-111.1141072	44.7437614	-215.645
-111.0972765	44.7440969	-216.04
-110.7144346	44.7457688	-218.17
-110.6662633	44.7446022	-218.95
-110.5847612	44.743604	-219.3
-110.4355867	44.7424375	-244.73
-110.2562499	44.7447717	-254.46
-111.2151115	44.7387604	-205.29
-111.1606192	44.739094	-210.86
-111.0974364	44.7382648	-214.78
-110.7430953	44.7399366	-221.17
-110.6974341	44.741604	-217.055
-110.5529304	44.7417693	-222.01
-110.4779283	44.7391037	-235.09
-111.202941	44.7352587	-207.68
-111.0972764	44.7374288	-215
-110.6982642	44.737602	-215.83
-110.6974341	44.736603	-217.685
-110.4924289	44.7364938	-232.85
-110.4677579	44.7356057	-238.95
-110.3234225	44.7367692	-258.63
-109.9197391	44.7341078	-200.28
-111.2314522	44.7335908	-197.06
-110.7227648	44.7302698	-217.63
-110.6956791	44.733269	-215.895
-110.692094	44.7311021	-216.8
-110.2307491	44.7324425	-251.97
-109.8915682	44.7304419	-201.27
-111.2151965	44.7298423	-201.905
-111.1071067	44.7277624	-216.28
-110.7024343	44.7266	-217.38
-110.5040893	44.729853	-242.025
-110.4812585	44.7294378	-237.22
-111.4774631	44.7230899	-196.195
-111.4720728	44.7231463333	-196.79
-111.235395633	44.7222589333	-197.853333333
-111.2141114	44.7223422	-202.055
-111.1904504	44.7253449	-209.88
-111.1531187	44.724095	-211.82
-110.6210923	44.7224359	-218.92
-110.5242599	44.7247708	-234.06
-110.5055994	44.7232721	-240.33
-110.4575877	44.7222699	-241.53
-110.3852549	44.7256036	-249.77
-110.3387531	44.7257715	-255.73
-110.25908	44.7246043	-256.43
-110.1594168	44.7222723	-232.58
-109.8644073	44.7237781	-195.89
-109.58564045	44.7232813	-193.9
-111.1699494	44.7185934	-212.92
-111.0972762	44.7200545	-215.2125
-110.6694235	44.7206004	-216.22
-110.6344326	44.7207688	-218.94
-110.5024194	44.7216051	-238.18
-110.49559415	44.7196045	-238.5475
-110.0387431	44.7197728	-208.63
-111.4917937	44.7159224	-193.21
-111.46021225	44.71467365	-196.91
-111.1924504	44.7152587	-208.09
-110.731435	44.7149348	-219.77
-110.565676	44.7148526	-229.91
-110.5506806	44.7171037	-228.815
-110.4840887	44.716605	-236.97
-110.1789175	44.7147725	-239.38
-111.4707077	44.7115889	-195.815
-111.4689576	44.7110894	-196.255
-111.46466745	44.71284055	-197.195
-110.7361051	44.7128518	-221.08
-110.6457629	44.7127143667	-218.443333333
-110.6241024	44.711602	-223.41
-110.5561008	44.7124387	-228.07
-110.5377603	44.7137699	-228.14
-110.412256	44.712104	-256.65
-110.2772508	44.7102728	-254.94
-111.4977939	44.7089221	-189.5
-111.2406124	44.7064262	-200.45
-111.1026963	44.7085972	-212.495
-110.6985942	44.7094342	-220.25
-110.6230424	44.708881	-221.173333333
-110.5685911	44.7078526	-226.795
-110.5025895	44.7082694	-240.09
-110.4825888	44.7084382	-244.96
-111.4487067	44.7020912	-195.9
-111.4009595	44.7038415	-184.5
-111.18694	44.7027617	-207.785
-110.7451803	44.7046007	-226.97
-110.5800914	44.7037716	-226.54
-110.3037518	44.704436	-261.83
-110.2707505	44.7042719	-254.18
-111.4489616	44.6982572	-195.985
-111.210667667	44.699091	-204.88
-111.127663967	44.6998733	-209.876666667
-110.7029243	44.7011032	-226.59
-110.5064297	44.7011055	-240.95
-110.4715884	44.7019383	-246.7
-110.1862477	44.7001098	-245.29
-111.4477066	44.6962582	-196.01
-111.4387112	44.6947553	-195.97
-111.43541855	44.69621545	-194.6425
-111.1516084	44.6954266	-209.09
-111.1011061	44.6970951	-211.125
-110.5854216	44.6946046	-228
-110.3790848	44.6971042	-254.15
-110.3265927	44.6946062	-259.28
-110.2435895	44.6944411	-252.52
-111.4479049	44.6935344333	-195.723333333
-111.4424613	44.6910892	-196.1
-111.438956183	44.6917846	-196.143333333
-111.3856188	44.6932576	-185.95
-110.7449253	44.6902688	-228.21
-110.6844339	44.6921005	-224.93
-111.44370635	44.6897581	-196.37
-111.41508255	44.68679825	-194.1925
-111.240225533	44.6877583333	-204.946666667
-111.2256966	44.6862584	-206.54
-111.1871099	44.6882585	-206.09
-111.11502665	44.6873445	-208.915
-110.7345951	44.6882669	-230.08
-110.4980896	44.6892735	-245.44
-110.4270867	44.6897734	-251.22
-110.0915847	44.6861057	-221.4
-111.4207053	44.6832576	-196.595
-111.4176201	44.6837576	-195.98
-111.2632833	44.6842614	-200.68
-111.2252816	44.6854264	-206.82
-111.2061957	44.6827609	-206.44
-110.5739314	44.6849379	-231.3
-110.4372572	44.6852715	-248.33
-110.2407494	44.6854422	-252.01
-111.427343933	44.6808113667	-197.926666667
-111.1369476	44.6810958	-206.365
-111.1001909	44.6803448	-208.005
-110.4464176	44.6816056	-248.99
-110.430757	44.6782717	-248.87
-111.3531172	44.6778426	-188.5
-111.2746137	44.674719075	-201.0475
-111.1774473	44.6758596	-204.63
-110.7470954	44.6766008	-225.42
-110.4860992	44.6777727	-246.67
-110.2697505	44.6771047	-253.86
-109.6575591	44.6749452	-189.9
-111.41613	44.67121495	-198.74
-111.4126199	44.6732555	-198.08
-111.408013	44.6733116333	-197.416666667
-111.28769925	44.6708439	-199.105
-111.2849441	44.6715915	-199.835
-111.2784439	44.6737587	-200.73
-111.152838167	44.6709258667	-205.406666667
-111.1006908	44.6712617	-208.48
-110.4740988	44.6716038	-246.125
-110.3975957	44.6717718	-235.44
-110.3104222	44.6721038	-254.23
-110.1670871	44.6734412	-246.18
-110.1584168	44.6716062	-241.75
-111.432507367	44.66859	-192.426666667
-111.42837055	44.66859005	-195.13
-111.4205827	44.66917375	-198.27
-111.3990092	44.6692008	-197.876666667
-111.394119	44.6682589	-196.53
-111.3449568	44.66984305	-189.965
-111.2971146	44.6668421	-197.705
-111.2886993	44.6695924	-199.03
-111.1382775	44.6680946	-204.88
-111.1344473	44.6677627	-205.24
-109.7787345	44.669442	-192.46
-111.3781182	44.6627581	-195.78
-111.3010548	44.66489174	-196.514
-111.1126913	44.6643452	-206.87
-111.0994357	44.6650936	-209.73
-111.0971156	44.6648457	-210.145
-110.9724306	44.6632639	-218.215
-110.9651004	44.6635961	-218.21
-110.7615957	44.6621022	-225.89
-110.4685886	44.6641039	-247.05
-110.2709106	44.664272	-253.64
-110.2697505	44.663773	-251.95
-111.3434567	44.6585938	-192.365
-111.1412775	44.6582603	-203.72
-111.100942367	44.6582615	-209.863333333
-111.0937754	44.6582617	-210.66
-110.991100933	44.6604850667	-215.956666667
-110.7482654	44.6604348	-226.9
-110.7454303	44.6592274	-226.5425
-110.3749248	44.661938	-249.59
-110.2590801	44.6587722	-252.86
-111.3587873	44.6569254	-188.93
-111.3561172	44.6557585	-194.79
-111.3261159	44.6553416	-194.28
-111.3106152	44.6558415	-197.28
-111.2346118	44.6560907	-201.21
-111.1436076	44.6577603	-203.43
-110.6952642	44.6547706	-230.26
-110.6089324	44.6579378	-238.38
-110.3399134	44.6546062	-248.43
-111.4399509	44.6534225	-186.89
-111.064614	44.6532614	-212.59
-111.0204419	44.6503476	-215.675
-110.821767	44.6519337	-228.36
-110.8071067	44.651435	-227.6
-110.7713759	44.6538245667	-228.63
-109.7904049	44.6511092	-192.83
-111.314678633	44.6477602	-196.156666667
-111.2551126	44.6472615	-201.08
-111.0156867	44.6482657	-215.32
-110.9390996	44.6465977	-223.765
-110.931436067	44.6470419	-221.506666667
-110.9007688	44.6499337	-208.41
-110.8457676	44.6499351	-226.46
-110.8286072	44.6498515	-228.285
-110.8011816	44.6478512	-229.165
-110.7917663	44.6487684	-228.8
-110.777266	44.6487688	-228.85
-110.450758	44.6499412	-242.8
-110.2772509	44.6476065	-253.05
-110.194918	44.6477766	-251.5
-111.4531215	44.64284	-187.55
-111.4481212	44.6433391	-188.495
-111.443668525	44.64288095	-190.3575
-111.329956	44.6443418	-196.245
-111.1091059	44.643261	-209.47
-110.9315994	44.6437639	-223.55
-110.867438	44.6432655	-227.945
-110.8629379	44.6420986	-226.86
-110.4584184	44.6457712	-246.11
-110.2292491	44.6436068	-251.9
-110.1382462	44.6446106	-237.9
-109.8019053	44.6431102	-196.54
-111.4534615	44.641257	-188.16
-111.3616173	44.640259	-209.83
-111.336672867	44.6417011667	-196.45
-111.2377818	44.6393124	-201.936666667
-110.8960986	44.6406828	-224.115
-110.8640979	44.6398481	-226.26
-110.730435	44.6381032	-231.22
-110.6559334	44.6399353	-235.4
-110.455311633	44.6402729667	-246.383333333
-110.3645845	44.6396075	-247.75
-110.2612502	44.6386077	-251.7
-111.3339561	44.6362575	-198.655
-111.3271158	44.6344236	-196.87
-111.282337067	44.6346479	-198.51
-111.28003365	44.6360091	-199.2125
-111.275588483	44.6358420333	-199.995
-111.2726233	44.6378423	-199.9
-111.1551179	44.6350926	-206.14
-111.1299468	44.6362603	-209.28
-110.3094222	44.6369407	-251.78
-110.1815776	44.6346078	-246.58
-110.0267427	44.6377746	-216.64
-111.4512913	44.6310898	-186.58
-111.28708794	44.6318246	-197.632
-111.284757685	44.6316699615	-198.713076923
-111.2774435	44.6333426	-199.12
-110.8090967	44.633601	-235.815
-110.4387577	44.6301045	-246.4
-111.331729267	44.6295363667	-200.386666667
-111.284809529	44.6288653357	-198.635
-111.1619382	44.6270933	-204.925
-110.8590977	44.6270997	-233.06
-110.4806795	44.6278555	-245.92
-110.4390877	44.6266066	-246.44
-110.3607544	44.6289418	-248.79
-110.1102453	44.6276079	-229.4
-111.3607872	44.6232566	-208.31
-111.3156152	44.6232575	-197.87
-111.2864538	44.6230081	-196.615
-111.2857838	44.6249812	-197.196666667
-110.827437	44.622351	-236.21
-110.6965943	44.6232688	-234.86
-110.4182569	44.6224407	-243.79
-110.3629245	44.6226049	-248.94
-110.2507498	44.6239431	-248.73
-110.1199057	44.622775	-231.44
-111.452064633	44.6213676	-185.613333333
-111.4481211	44.6182537	-189.19
-111.3771279	44.6182551	-205.95
-111.3706176	44.6193119667	-208.426666667
-111.3647023	44.6182554	-209.13
-111.36008912	44.6191901	-209.732
-111.356400333	44.6182009333	-210.323333333
-111.336116	44.618256	-207.93
-111.2861563	44.61967605	-196.66
-111.2857038	44.6217591	-196.625
-111.2551124	44.6182577	-202.51
-111.0974351	44.619595	-214.55
-110.420587	44.6187718	-246.04
-110.3054121	44.6217741	-253.57
-111.44765702	44.615722	-190.14
-111.416903	44.6160872333	-200.123333333
-111.404584125	44.6161715	-200.4375
-111.3904485	44.6147568	-200.035
-111.3702026	44.6163402	-207.38
-111.3597021	44.6165924	-209.575
-111.2406167	44.614676	-198.22
-110.8560976	44.6172113667	-235.826666667
-110.5176758	44.6148569	-244.625
-110.2156687	44.6148602	-243.445
-109.8177358	44.6141105	-197.55
-111.4609616	44.6104212	-184.56
-111.447621	44.6107535	-192.1
-111.417019637	44.612297175	-199.23375
-111.4049591	44.6128394	-199.19
-111.3989588	44.6130896	-199.84
-111.390831	44.6109647	-198.9875
-111.3887034	44.6117547	-200.32
-111.3836281	44.6117548	-200.94
-111.3786179	44.6107549	-202.59
-111.37183015	44.61208955	-204.765
-111.3156151	44.6109242	-202.36
-110.6145927	44.6127723	-243.88
-109.8860681	44.6102762	-207.21
-111.4784624	44.6082548	-183.74
-111.44645095	44.6098385	-193.135
-111.4433568	44.60832134	-194.51
-111.4391206	44.6062566	-196.09
-111.4172096	44.6082556	-198.4325
-111.403204	44.6069648	-198.27
-111.3956286	44.6075885	-198.18
-111.39308105	44.6088381	-198.65
-111.1636081	44.60826	-205.84
-110.8459373	44.606268	-236.68
-110.5860922	44.6087708	-241.99
-110.5449314	44.6098555	-243.07
-110.3999262	44.6092731	-244.73
-110.388479033	44.6077181	-243.82
-111.4885378	44.6045046	-183.08
-111.4369505	44.6055886	-196.595
-111.4316202	44.6045897	-196.965
-111.4284601	44.6037538	-196.855
-111.4221198	44.6035899	-197.72
-111.4219598	44.6032549	-197.37
-111.4009589	44.6037543	-197.58
-111.391428433	44.6047562	-197.78
-111.3892083	44.6028395	-198.305
-111.3566169	44.6039232	-207.17
-111.3361159	44.6039236	-209.77
-110.6411033	44.6037689	-238.59
-110.1387463	44.6049423	-236.23
-111.387660725	44.6005895	-198.5025
-111.2356114	44.60109	-199.86
-110.831182	44.59860035	-235.825
-110.6985944	44.598271	-233.55
-110.2729107	44.5991078	-245.48
-111.4192046	44.5963383	-193.545
-110.831267	44.5977653	-235.79
-110.731925	44.5968514	-233.69
-110.1964081	44.5972744	-240.51
-111.1709983	44.5937596	-204.993333333
-110.8782679	44.5907641	-236.35
-110.7554355	44.5907673	-233.835
-110.385142367	44.5914968333	-244.15
-110.324423	44.5939427	-248.8
-110.2469197	44.5927765	-246.915
-111.4307051	44.5883384	-192.355
-111.3357858	44.5892563	-208.4
-111.3161149	44.5892566	-203.99
-111.295784	44.589424	-199.29
-111.230781	44.5877569	-199.24
-110.9287688	44.5870968	-234.99
-110.7726858	44.5885999	-232.695
-109.9375798	44.5869463	-211.89
-111.4394605	44.5825891	-192.775
-111.3647471	44.5825888	-200.76
-111.344512833	44.5848126667	-206.573333333
-111.340706	44.584258	-207.135
-111.3374559	44.5822561	-207.93
-111.1684381	44.58484255	-204.715
-111.0239412	44.5854284	-225.99
-110.8712677	44.5824323	-238.48
-110.8302669	44.5834334	-232.59
-110.2687506	44.5854402	-246.63
-110.2304192	44.5841096	-242.64
-111.4339602	44.5817542	-192.83
-111.4187045	44.5818385	-194.39
-111.336672467	44.5798113333	-207.403333333
-111.1746183	44.5784243	-203.6
-111.1716082	44.5785924	-204.115
-110.839097	44.5797671	-232.24
-110.8299369	44.5799354	-233.51
-110.3784254	44.5781078	-245.58
-110.1677472	44.5802767	-238.9
-111.41370425	44.5752545	-196.175
-111.3161148	44.5747563	-207.62
-111.2959539	44.5749246	-198.41
-110.9360988	44.5749316	-234.54
-110.8474272	44.5747659	-232.55
-110.8295969	44.5777684	-231.94
-110.8240967	44.5749345	-234.01
-110.8020963	44.5740991	-234.45
-110.4215874	44.5762726	-247.19
-110.4052566	44.5767727	-247.09
-109.9612406	44.5741093	-213.33
-110.820490033	44.5728236	-233
-110.3924261	44.5732748	-244.33
-110.6794341	44.5671016	-237.81
-110.3924261	44.5698569	-244.26
-110.38617085	44.567858	-244.145
-110.3857558	44.5676086667	-244.123333333
-110.2601652	44.5671068	-247.605
-110.8872678	44.5639308	-235.47
-110.8627674	44.5622645	-232.88
-110.4679195	44.5647756	-242.55
-110.4202574	44.5641079	-245.94
-110.372368633	44.5639418667	-246.97
-110.2112486	44.5646099	-238.86
-111.4448756	44.5609196	-191.96
-111.33648564	44.56098954	-202.9
-111.2692826	44.5585897	-196.39
-110.9707693	44.5590956	-231.62
-110.8270967	44.5600984	-235.26
-110.356861267	44.5588314	-248.25
-110.3364237	44.5584395	-249.3
-110.3085824	44.5589437	-247.49
-109.9760711	44.5587784	-214.27
-110.8399269	44.5552651	-233.145
-110.8074264	44.5559339	-236.56
-110.2795861	44.556025925	-247.64
-111.3342855	44.5530874	-203.38
-111.3147846	44.5535877	-206.66
-110.3936713	44.5521073	-246.105
-110.3044222	44.5521079	-246.155
-110.2689206	44.5539431	-245.22
-111.4411203	44.5490884	-191.3
-111.4202894	44.5469218	-191.92
-111.368457	44.5492537	-198.91
-111.3362856	44.5467552	-203.32
-111.2586221	44.5489236	-195.31
-111.2297807	44.5499225	-194.85
-110.8065963	44.5482659	-237.43
-110.7719257	44.5489349	-243.32
-110.400533267	44.5490533	-245.56
-110.3724253	44.5477735	-245.88
-111.2914435	44.5457569	-207.36
-110.8104364	44.5437688	-237.06
-110.5674323	44.5447731	-241.28
-110.4207576	44.5447752	-245.68
-110.2924117	44.5432772	-241.94
-110.2855914	44.5432772	-240.96
-110.8426869	44.53935	-233.37
-110.4245978	44.5402743	-244.205
-110.3979166	44.5384435	-248.26
-110.3924263	44.5416095	-245.57
-110.2895816	44.5403593	-240.595
-110.2569101	44.5416105	-234.15
-111.3564564	44.5357566	-198.47
-110.8817675	44.5357669	-235.59
-110.81768145	44.5348496	-235.255
-110.7999262	44.5361011	-235.6
-110.6219333	44.5346061	-238.23
-110.191918	44.5362784	-226.75
-109.972741	44.5354446	-213.73
-111.4219593	44.5300874	-191.07
-111.2967837	44.5314244	-205.65
-111.2661223	44.5314249	-200.4
-111.1949489	44.5314261	-207
-110.8267666	44.5325984	-234.44
-110.7497653	44.5329363	-240.66
-110.4400885	44.5336103	-243.11
-110.432811533	44.5319974	-244.33
-110.3265933	44.5302763	-244.92
-110.2840814	44.5332755	-240.04
-110.2556701	44.5321088	-232.145
-111.2462813	44.5290898	-196.78
-111.0912738	44.5270947	-219.66
-111.0462716	44.5264288	-221.24
-110.4306731	44.52985845	-246.125
-110.4161775	44.5286086	-245.755
-110.3452542	44.5262752	-249.97
-111.328568433	44.5250878	-201.706666667
-110.8294366	44.5226003	-232.19
-110.4674299	44.5249432	-248.41
-110.4590995	44.5244406333	-241.893333333
-110.3876712	44.5241079	-247.34
-110.3695953	44.525943	-248.51
-110.3047523	44.5251086	-238.85
-109.9669008	44.5211128	-214.49
-111.417789	44.5169182	-190.92
-111.3466158	44.5169193	-197.2
-111.3364554	44.5167554	-198.24
-111.306784	44.5167559	-202.65
-111.1542767	44.5165909	-216.92
-110.9557685	44.5149288	-232.74
-110.831883267	44.5143772	-232.22
-110.4790905	44.5166073	-241.15
-110.4190877	44.5152768	-243.89
-110.2840814	44.516609	-227.64
-110.276081	44.516609	-226.695
-110.25408	44.5157783	-224.56
-111.3654566	44.5124219	-193.43
-111.2891132	44.5124231	-202.02
-111.0030992	44.5114297	-231.21
-110.859937	44.5102664	-240.03
-110.7644255	44.5124361	-238.38
-110.383256	44.5134422	-247.62
-110.3120827	44.5106089	-243.65
-110.2794112	44.5104452	-226.69
-111.485622	44.506587	-187.89
-111.3891277	44.5070884	-192.18
-111.264612	44.5070903	-199.11
-110.8152663	44.5091007	-235.2
-110.7032646	44.5064365	-241.19
-110.3972567	44.5066102	-247.23
-110.3790859	44.5091093	-247.915
-110.3407541	44.5074427	-250.46
-110.2490798	44.5097202667	-222.823333333
-111.44146	44.5047526	-189.34
-111.3374553	44.5032551	-196.695
-111.2962834	44.5022567	-200.81
-111.2466112	44.5039244	-200.56
-111.1312755	44.5020923	-218.76
-110.6449338	44.5024369	-237.3
-110.517265233	44.5027189	-242.636666667
-110.42067285	44.505775	-243.005
-110.2332493	44.5036098	-218.33
-110.193373	44.5048609	-212.23
-109.9645807	44.502112	-211.47
-111.3352885	44.4984232333	-198.97
-111.3246147	44.4980888	-198.67
-110.8400966	44.4985997	-232.81
-110.5390922	44.4999408	-239.63
-110.224089	44.4997757	-221.09
-110.2115786	44.5017789	-214.17
-109.964693275	44.501695	-211.185
-109.9474102	44.4997768	-204.61
-111.2719423	44.4967594	-199.23
-111.1911084	44.4959227	-208.15
-110.5824329	44.4956067	-238.35
-109.9474102	44.4957788	-205.97
-111.1691074	44.4905906	-222.41
-110.8809373	44.4936011	-234.55
-110.8454368	44.4918514	-232.67
-110.197694767	44.4906103667	-208.203333333
-110.0007419	44.4916098	-212.335
-111.4449601	44.487419	-188.96
-111.3844524	44.4891718	-193.325
-111.3569462	44.4877576	-195.77
-111.3364552	44.4877582	-196.25
-111.2341106	44.4860907	-200.47
-110.8624271	44.4882687	-234.755
-110.7765958	44.488104	-237.98
-110.5527624	44.4866084	-240.4
-110.4424288	44.4866098	-243.16
-110.2854214	44.4897771	-227.85
-110.1762474	44.4894457	-203.55
-110.0019119	44.4896094	-213.415
-111.2936133	44.4837573	-197.98
-111.2802827	44.4835897	-196.82
-111.0691125	44.4854297	-220.31
-110.852607	44.482768	-234.97
-110.6644341	44.4829396	-237.59
-110.539708767	44.4832747333	-239.856666667
-110.4109173	44.4827761	-243.43
-110.3924265	44.4841073	-245.99
-110.0007419	44.4832789	-201.61
-111.3379553	44.4782559	-195.57
-111.3067839	44.4810909	-195.98
-110.8495969	44.4798501	-235.325
-110.7149249	44.4811033	-239.62
-110.3669252	44.4811095	-247.3
-110.3275934	44.4802778	-244.94
-110.1589944	44.478360525	-201.9275
-110.0390731	44.4816106	-204.37
-110.0281627	44.48036055	-210.805
-110.0224125	44.4816105	-212.2
-109.9094088	44.4804439	-207.47
-109.8890782	44.4797769	-204.58
-111.3844574	44.4767545	-194.59
-111.2712823	44.4759267	-195.28
-110.5444222	44.4771056	-239.705
-110.4574294	44.4748578	-242.27
-110.4424288	44.4774429	-243.96
-111.4579606	44.4737544	-188.08
-111.4407048	44.4715879	-189.61
-111.3977879	44.4734201	-192.74
-111.3717868	44.4712548	-195.2
-111.3262848	44.4725911	-195.25
-111.2964534	44.4732589	-195.17
-111.2557816	44.4734241	-196.86
-111.2474513	44.4718379	-198
-111.2270003	44.4723108	-204.413333333
-111.2157797	44.4732583	-206.73
-110.8779374	44.4735999	-234.97
-110.5265919	44.4737761	-241.45
-110.2910916	44.4702762	-225.11
-110.1406612	44.4702768	-200.41
-109.9820712	44.472613	-214.43
-109.8890781	44.4716129	-212.08
-111.4848768	44.4684166	-189.005
-111.4721312	44.4670859	-188.12
-111.4522903	44.4682535	-188.64
-111.4383747	44.46775385	-189.76
-111.4266192	44.4682542	-190.52
-111.2019391	44.4665907	-211.635
-111.1879384	44.4699254	-213.31
-110.8560971	44.4687677	-234.18
-110.8341068	44.4666015	-234.695
-110.787436	44.4682703	-237.06
-110.5555923	44.4669393	-238.97
-110.5536773	44.4666074	-238.72
-110.5179317	44.4671083	-241.345
-110.4579294	44.4698588	-241.975
-110.1390862	44.4682778	-203.62
-109.8690674	44.466944	-207.07
-109.6448986	44.4671141	-190.17
-109.6090569	44.4698644	-193.93
-111.5004524	44.4645861	-188.63
-111.4021281	44.4632537	-191.51
-111.3561161	44.463087	-195.69
-111.228727067	44.4628115	-202.326666667
-111.175944533	44.4627580333	-214.633333333
-111.1476098	44.4637029	-216.19
-110.9919393	44.4622625	-236.51
-110.8324368	44.4632675	-235.48
-109.7120617	44.4634476	-190.74
-109.7074015	44.4649466	-200.63
-109.5868958	44.4637806	-188.93
-109.5090522	44.4648642	-193.05
-111.4376296	44.4589197	-190.56
-111.3796171	44.4602563	-195.35
-111.3731168	44.4582534	-195.22
-111.3469557	44.4610882	-195.15
-111.1437763	44.4587579	-215.28
-110.847597	44.4612679	-233.44
-110.844937	44.460933	-233.96
-110.8286067	44.4602697	-234.1
-110.2340792	44.459943	-217.01
-109.5267229	44.4604471	-190.42
-111.4516302	44.4547532	-189.68
-110.9399286	44.4565954	-237.2
-110.903598	44.4553498	-236.815
-110.8224367	44.4572679	-234.87
-110.7006047	44.4547706	-238.84
-110.2892515	44.4554453	-221.16
-109.7959049	44.454279	-205.98
-109.767404	44.45661	-193.96
-109.7506484	44.45561165	-197.41
-111.470121	44.4500877	-191.43
-111.469961	44.4500877	-190.88
-111.3607013	44.4532566	-193.61
-111.2162798	44.4515908	-204.92
-111.0399415	44.452098	-226.35
-110.8195967	44.4537699	-234.68
-110.5630923	44.4506081	-240.94
-110.4986762	44.4528584	-242.515
-110.4109171	44.4526092	-243.57
-110.40767195	44.4511103	-243.745
-109.8007351	44.45328	-208.45
-109.7574037	44.453444	-199.39
-111.4432898	44.4464183	-191.42
-111.2086095	44.4470890333	-206.78
-110.8062665	44.4461023	-234.16
-110.8056815	44.4468524	-234.005
-110.7324352	44.4498528	-236.61
-110.707598133	44.4482144667	-236.936666667
-110.6902645	44.4491019	-239.75
-110.6840944	44.4496021	-239.035
-110.6424337	44.4498551	-238.85
-110.6357636	44.4484403	-236.47
-110.198578	44.44711	-212.58
-111.4181287	44.4444199	-192.98
-111.3862874	44.4440887	-195.05
-111.3569461	44.4444215	-195.51
-110.718265	44.4421012	-237.3
-110.717925	44.4421012	-236.935
-110.4679197	44.4423587	-240.5
-110.3637549	44.4444427	-243.99
-111.4269591	44.4384186	-193.84
-111.3384553	44.4409239	-196.14
-111.3039538	44.4390897	-196.92
-110.8582674	44.4407673	-224.42
-110.7890962	44.4382679	-233.96
-110.6249334	44.4386056	-237.43
-110.5744325	44.4398569	-239.87
-110.3480941	44.4404409	-241.82
-110.324423	44.4389421	-229.44
-111.4883717	44.4346679	-191.685
-111.437176167	44.4349752	-194.03
-111.3684566	44.434255	-196.6
-110.8041065	44.4377673	-233.61
-110.7972664	44.4359365	-233.59
-110.7347703	44.43497795	-235.5875
-110.2965817	44.4356084	-219.5
-111.4689609	44.4317534	-194.21
-111.3976278	44.4300881	-196.97
-111.1296909	44.4302579	-216.655
-110.9156834	44.430263	-236.965
-110.7762661	44.4324353	-233.9
-110.7579258	44.432104	-234
-110.7010947	44.4327716	-236.85
-110.662934	44.4303536	-237.865
-110.6394236	44.4337722	-236.99
-110.5799325	44.4301077	-246.69
-110.367425	44.4326097	-240.206666667
-111.37070165	44.4265867	-198.24
-111.331785	44.4277557	-198.79
-111.2561118	44.4299237	-204.88
-110.6256784	44.4293555	-235.915
-110.606923	44.42794	-237.57
-110.5841026	44.4291046	-241.16
-110.5790925	44.4266057	-241.71
-110.3554244	44.4261099	-237.005
-110.2165885	44.4291092	-214.23
-111.4399496	44.4227509	-196.08
-111.3886174	44.4249192	-198.67
-111.2869431	44.4245897	-200.73
-110.8026816	44.4228512	-234.655
-110.5806775	44.4248567	-240.39
-110.5024211	44.4243577	-240.7
-110.2901714	44.4257785	-216.77
-111.4071182	44.4190866	-196.72
-111.2587819	44.4187582	-204.23
-110.592036033	44.4216617333	-238.793333333
-110.4149271	44.4187773	-239.49
-110.37017	44.4202768	-235.615
-110.3565844	44.4193589	-234.425
-111.3737868	44.4142533	-200.22
-111.3257847	44.4145865	-201.68
-111.2471114	44.417421	-206.13
-111.2224403	44.4157549	-208.575
-111.2095347	44.4149634	-208.41
-110.9507692	44.4165976	-238.36
-110.8136068	44.4166027	-235.68
-110.5732624	44.4179389	-238.83
-110.5685923	44.415773	-240.17
-110.414427	44.4151073	-239.1
-109.6143966	44.4172795	-198.92
-111.3869573	44.412087	-200.91
-111.2342808	44.4139224	-206.6
-110.9516093	44.4115965	-238.575
-110.940184	44.4128459	-238.045
-110.5787624	44.4139407	-239.22
-110.3554243	44.4131089	-230.15
-110.348669	44.41161	-227.085
-110.1474162	44.4132783	-216.09
-111.2569418	44.409091	-206.5
-111.1696079	44.4073408	-213.72
-111.1537772	44.4079254	-214.69
-111.1434467	44.4092569	-214.81
-111.0769336	44.4082604	-225.02
-111.0249413	44.4078464	-234.365
-110.6954247	44.4082697	-237.26
-110.5659322	44.4077731	-239.99
-110.392426	44.4071086	-235.025
-111.3779569	44.405918	-201.88
-111.332785	44.404256	-202.77
-111.2870031	44.4043117667	-204.456666667
-111.0944445	44.4040936	-222.38
-110.4999308	44.4032735	-242.5
-109.8219055	44.4032774	-211.2
-111.3187844	44.4012543	-202.64
-111.2779527	44.4010872	-205.77
-111.1139454	44.4007588	-217.74
-110.5695922	44.400273	-239.505
-111.4169585	44.3960869	-198.61
-110.7436057	44.3951035	-237.66
-110.6349335	44.3962703	-237.65
-110.4650892	44.3966089	-237.39
-109.9132385	44.3952774	-212.03
-111.4514599	44.3939191	-197.82
-111.3954576	44.3922533	-203.19
-111.3452855	44.3935855	-205.84
-110.761766	44.3931024	-234.45
-110.5717622	44.3907749	-234.79
-110.2969215	44.3911107	-211.01
-110.2840809	44.3916098	-198.8
-111.3689465	44.3892518	-203.37
-111.3124542	44.386922	-203.51
-111.2932834	44.3875905	-204.16
-111.2629521	44.3877551	-207.1
-110.8319373	44.3874347	-235.01
-110.707595	44.3869374	-235.87
-110.5582619	44.3896083	-237.69
-110.5439316	44.3869416	-236.96
-110.3895857	44.3887747	-224.685
-110.2535796	44.3898596	-211.89
-111.4219587	44.3847526	-200.14
-110.6695942	44.3852714	-237.72
-110.374415	44.3857769	-221.95
-110.3499239	44.3837782	-218.155
-110.1804072	44.3854465	-212.15
-110.1270855	44.3854466	-218.68
-109.780074	44.3837805	-216.53
-109.7465628	44.3826144	-213.72
-111.4017878	44.3794199	-201.4
-110.2749205	44.379361	-210.81
-109.5320522	44.3802812	-196.28
-110.8205972	44.376433	-235.17
-111.2934434	44.373086	-204.29
-110.422087	44.3703594	-218.975
-110.3956759	44.3736077	-219.83
-110.3070919	44.3712777	-210.43
-110.2285887	44.3728615	-205.5
-109.9970712	44.3712796	-202.73
-111.40070275	44.3665836	-196.525
-111.283783	44.366086	-205.07
-111.2692824	44.3699204	-204.61
-111.144617	44.3662569	-216.36
-110.5904325	44.3687714	-235.195
-111.4012878	44.3652526	-197.32
-111.3014537	44.3644226	-203.69
-110.3530339	44.3637772	-217.166666667
-109.5677238	44.3634469	-207.67
-111.4762908	44.361417	-196.64
-111.4359591	44.3612498	-196.83
-111.4041279	44.3582524	-196.51
-111.3736166	44.358752	-196.72
-111.2932834	44.3585856	-204.33
-110.7107651	44.3604363	-236.27
-110.662434	44.3603535	-237.475
-110.5841023	44.3582736	-237.055
-110.58117725	44.3603557	-234.4
-110.5469315	44.3616086	-234.055
-110.1930875	44.3619447	-211.05
-110.1397458	44.3586098	-213.34
-111.4146183	44.3549737667	-195.666666667
-110.7932668	44.3547667	-234.43
-111.4666303	44.353585	-195.36
-111.331615	44.3514206	-202.31
-111.2799529	44.3517536	-204.33
-111.2677824	44.3530889	-204.78
-111.164108	44.3518398	-217.12
-110.569762	44.35394	-236.23
-110.5066005	44.3511076	-229.62
-109.9507396	44.3504437	-213.74
-111.4271187	44.3469177	-194.05
-111.4257087	44.3498338	-193.43
-111.3564559	44.3485861	-196.81
-111.2965636	44.3493098667	-203.683333333
-110.8419278	44.3461018	-235.69
-110.3288061	44.3498869333	-214.373333333
-110.2235784	44.3471127	-204.78
-111.4674603	44.3427508	-194.97
-111.333445	44.3440854	-199.05
-111.2932834	44.3440862	-203.39
-111.2629522	44.3440867	-204.45
-110.6511038	44.3448548	-237.705
-110.2254184	44.3424438	-207.07
-110.7836067	44.3407669	-234.74
-110.5856773	44.3398555	-238.1
-110.2770904	44.3412752	-208.865
-109.7399022	44.3386115	-208.27
-111.4336189	44.3354163	-192.51
-111.2879532	44.334419	-202.56
-111.2661224	44.3344194	-204.31
-110.7775966	44.3346021	-236.42
-109.7974043	44.3369479	-214.31
-111.4964614	44.3305821	-195.51
-111.3429454	44.3302529	-195
-110.6140929	44.3316038	-233.53
-109.598225	44.3319487	-210.13
-111.4447894	44.329251	-191.96
-111.4344589	44.3279162	-190.94
-110.6086778	44.3262709	-232.865
-110.5926024	44.3282743	-232.97
-110.427427	44.3267745	-214.37
-110.2037477	44.3276119	-205.47
-111.4821208	44.3220822	-193.88
-111.3746166	44.3242511	-192.09
-111.3019538	44.3235854	-201.32
-111.4601299	44.3212516	-191.29
-111.2626123	44.3180889	-204.31
-110.8090974	44.3192657	-232.09
-110.746266	44.3219343	-237.4
-110.6974349	44.3194366	-241.75
-110.5986775	44.3196072	-232.02
-110.5429312	44.3196087	-230.21
-110.4649186	44.3191101	-218.94
-110.3899253	44.318943	-218.14
-110.3361679	44.3198597	-213.83
-110.1542461	44.3181141	-207.91
-111.4201183	44.3179182	-190.58
-111.3939573	44.3150836	-190.21
-111.3624461	44.3167512	-191.84
-111.3047839	44.3170842	-200.91
-110.5992625	44.3172722	-232.03
-110.3145919	44.314611	-208.58
-111.4519495	44.3127486	-189.12
-111.4076178	44.3122493	-189.38
-111.2626123	44.3129197	-203.88
-110.8465982	44.3135993	-233.97
-110.6545938	44.3116057	-240.19
-110.5336809	44.3107739	-227.725
-110.1074145	44.3111103	-215.92
-109.6360567	44.3109484	-224.22
-110.8540984	44.3077669	-228.69
-111.4561197	44.3032493	-187.87
-111.4359589	44.3032496	-187.86
-111.4147881	44.30425	-189.02
-111.3046139	44.3034198	-200.31
-110.6060926	44.303272	-230.58
-110.315459425	44.30473625	-208.0925
-111.333445	44.3005852	-194.83
-110.6119328	44.2984388	-230
-110.1302452	44.2982774	-207.66
-109.9049078	44.3009451	-214.56
-110.2319085	44.29661	-209.92
-110.153916	44.2979453	-205.64
-111.4586197	44.2927511	-187.71
-111.4104579	44.2939159	-189.06
-110.3379228	44.2927788	-210.635
-110.1404055	44.2904464	-206.78
-109.7990641	44.2929452	-211.16
-109.6590577	44.2916153	-207.97
-111.4964611	44.2887495	-191
-111.4761203	44.2889168	-188.22
-111.3939573	44.2860839	-188.91
-111.3737865	44.2862522	-189.35
-111.3536257	44.2862525	-191.8
-111.333445	44.2862528	-193.92
-111.3132842	44.2862531	-198.11
-111.2931235	44.2862534	-200.84
-110.4052557	44.289776	-216.01
-110.3156669	44.2886101	-207.095
-110.1302452	44.2894464	-198.38
-111.4629598	44.2852479	-188.28
-111.4087878	44.2839167	-188.22
-110.6754344	44.2837701	-239.58
-110.6261831	44.2828554	-229.1
-110.4970897	44.2853578	-225.635
-109.6812288	44.2841151	-207.81
-109.6323962	44.2791145	-200.94
-111.46812	44.2749176	-187.28
-111.4087878	44.2752495	-187.59
-111.3396252	44.2752504	-193.56
-111.304670567	44.276751	-198.966666667
-111.2719427	44.2769184	-202.12
-111.2592822	44.2757516	-203.06
-110.622433	44.2748565	-228.325
-110.4731786	44.2757751	-226.295
-111.4357887	44.271583	-186.64
-111.4007025	44.2715835	-189.715
-111.3736165	44.2717489	-189.65
-111.2779529	44.2705862	-201.5
-111.2499519	44.2722533	-204.25
-111.46962	44.2671935	-187.076666667
-111.4142879	44.2669142	-187.18
-111.2324512	44.2674208	-206.05
-111.2189507	44.2674212	-206.96
-110.6345933	44.2674402	-228.73
-110.1994173	44.2674474	-213.62
-109.6963894	44.267613	-204.16
-111.4902907	44.2635831	-189.15
-111.3979473	44.2652514	-188.05
-111.3749565	44.2630847	-189.79
-111.2479519	44.2645862	-203.42
-111.1331073	44.2622549	-212.92
-110.637486667	44.2649374333	-228.283333333
-110.5839319	44.2641075	-226.94
-110.4674282	44.2621072	-223.785
-111.4761202	44.2597493	-187.76
-110.953271	44.2607618	-219.51
-111.4657898	44.2552483	-187.89
-111.3947872	44.2542492	-188.06
-111.333445	44.257085	-196
-110.1134045	44.2552788	-201.74
-109.7229007	44.2552798	-200.2
-111.2909534	44.2509164	-200.31
-109.775233	44.2507785	-211.1
-111.4851304	44.2487481	-188.45
-111.4592895	44.2477485	-188.18
-111.4286184	44.2474171	-187.49
-110.6804245	44.2486017	-234.025
-110.4474273	44.2498575	-217.895
-109.7337312	44.2477794	-201.03
-111.4391188	44.2445829	-188.14
-111.417618	44.2437482	-186.89
-111.333445	44.2427497	-195.34
-111.278613	44.2437507	-200.15
-111.1529482	44.2440895	-209.67
-111.1156067	44.2440913	-210.32
-110.7136055	44.244353	-232.535
-110.6476837	44.2437696	-227.68
-110.3367526	44.2426092	-207.64
-110.1582459	44.2449438	-216.84
-109.7807332	44.2456109	-212.53
-111.4712899	44.2385822	-187.81
-111.3852868	44.2412498	-191.04
-111.3707863	44.238252	-194.16
-111.2737828	44.2390847	-200.1
-110.0689129	44.2397785	-212.19
-111.5004509	44.2359147	-189.93
-111.3804566	44.2344177	-191.8
-111.3707013	44.2348339	-194.135
-111.363446	44.2365851	-195.08
-110.0807433	44.2367766	-212.75
-111.4636196	44.2319133	-187.43
-111.4559593	44.2309144	-187.41
-111.4299584	44.2320819	-187.84
-111.3171143	44.2329198	-196.08
-111.2699527	44.2312536	-199.85
-110.655679	44.2332715	-229.445
-110.6527639	44.2311046	-225.03
-110.2390784	44.2332794	-213.73
-111.4936306	44.2277478	-189.84
-111.3257846	44.2269185	-193.41
-111.1527782	44.2299222	-207.04
-110.7729272	44.2262701	-227.76
-110.7426864	44.2286033	-229.43
-110.1250847	44.22661	-213.05
-110.1185845	44.2262789	-213.48
-110.1075741	44.2274459	-211.26
-110.1002439	44.2289448	-210.76
-109.5473911	44.2266108	-196.98
-111.4554592	44.2230824	-187.68
-111.3809566	44.2252506	-191.11
-111.3706162	44.2237518	-191.88
-110.1314149	44.224779	-210.96
-111.4432888	44.2187495	-188.77
-111.4137877	44.21825	-189.09
-111.1379477	44.2200878	-206.58
-110.5764319	44.2186057	-216.36
-110.1090741	44.22011	-211.81
-110.0974037	44.22011	-206.08
-109.5998938	44.2211152	-207.44
-109.547391	44.21828	-199.56
-111.4961207	44.2164137	-190.77
-111.421958	44.2150838	-189.53
-111.3632859	44.2172518	-192.11
-111.2847832	44.217253	-197.17
-111.2736128	44.2170852	-197.95
-110.8800998	44.2150991	-211.89
-110.8004379	44.2153508	-224.205
-110.1582457	44.2174442	-217.67
-109.7434015	44.2154471	-206.96
-111.4422887	44.2110815	-189.76
-111.3771264	44.2104155	-190.66
-111.3532856	44.2132499	-193.1
-111.3297847	44.2135823	-193
-110.6661045	44.2116034	-227.52
-110.3902549	44.2112761	-212.54
-111.451119	44.2087473	-188.92
-111.422628	44.2070847	-187.89
-111.3444553	44.209416	-193.63
-111.335068267	44.2065274	-193.956666667
-111.2714527	44.2082501	-196.83
-110.1800864	44.2076134	-223.73
-110.1110841	44.2081132	-209.96
-109.5553813	44.2087784	-200.33
-111.4917905	44.2042487	-190.49
-111.3292847	44.2030841	-193.81
-110.6690946	44.2048554	-227.975
-110.1190743	44.2029443	-214.43
-111.4822901	44.1987478	-190.68
-111.4054474	44.1995809	-187.43
-111.3001137	44.2002505	-195.07
-111.2632824	44.199419	-197.23
-111.1559484	44.1984235	-203.12
-110.4970898	44.2012747	-216.31
-110.3422528	44.1984443	-207.53
-111.4727897	44.1955819	-190.19
-111.4544591	44.1957502	-189.25
-111.424458	44.1944156	-189.25
-111.3227845	44.1962521	-192.97
-110.8006881	44.1941026	-219.95
-111.4461288	44.1927482	-189.65
-111.4459588	44.1927482	-189.6
-111.3194443	44.190919	-192.03
-111.1741091	44.1928375	-202.89
-109.6565566	44.1939472	-207.01
-111.4919604	44.1870826	-189.84
-111.1744491	44.1864214	-200.46
-110.666158033	44.1878256667	-222.34
-110.0599122	44.1861105	-213.13
-109.7582319	44.1871133	-209.81
-111.4684595	44.1795828	-191.95
-111.4296182	44.1799153	-191.62
-111.3159542	44.1809169	-191.76
-111.2752827	44.1785824	-194.96
-110.0710825	44.1797776	-213.08
-111.4589592	44.1767489	-191.95
-111.3136241	44.1759158	-191.02
-111.2121105	44.1757534	-195.015
-111.1686089	44.1744204	-197.87
-110.0839129	44.1741137	-214.12
-109.5163787	44.1751144	-202.45
-111.3086139	44.1724178	-190.9
-110.1120838	44.1701118	-216
-110.1050736	44.1711108	-213.01
-110.0965733	44.1716108	-210.34
-111.4116275	44.1662474	-191.45
-110.5841025	44.1687753	-207.14
-110.117414	44.1682809	-217.44
-110.1015735	44.1696118	-212.53
-111.4597892	44.1654158	-191.7
-111.2277811	44.1659175	-193.5
-111.1441081	44.1652543	-196.22
-110.8199389	44.1623495	-213.735
-110.666491567	44.1651602	-216.826666667
-110.6659349	44.1646029	-217.22
-110.1212441	44.1652789	-218.36
-109.6023933	44.1632818	-201.245
-111.3946269	44.1617506	-190.46
-111.2952834	44.1585857	-189.43
-109.7377306	44.158113	-214.11
-109.6202242	44.1597799	-204.14
-111.4252879	44.1575802	-192.12
-111.3806264	44.1559137	-189.74
-111.2869431	44.1549157	-192.35
-111.1857796	44.1540862	-194.17
-111.369286	44.1532478	-190.08
-111.197695	44.1512516	-192.265
-111.0399445	44.1500918	-205
-109.6122237	44.1532801	-201.95
-109.6078934	44.1504492	-199.46
-109.6030532	44.1531161	-198.05
-111.2396115	44.1482517	-192.71
-111.1741092	44.1497537	-192.74
-110.8261842	44.1485991	-210.075
-110.6344341	44.149357	-207.01
-109.801733	44.1461147	-217.36
-111.3949568	44.1434163	-189.2
-111.3337847	44.142582	-191.25
-110.0809126	44.1456142	-213.99
-109.5972227	44.1429504	-200.29
-111.2974534	44.1398318	-190.63
-111.2927833	44.1394164	-190.46
-111.2624522	44.1387487	-190.65
-111.0081035	44.1379269	-208.31
-110.66618515	44.1356881	-212.865
-110.6648876	44.136187675	-212.5
-111.4349582	44.1319148	-185.96
-111.401617	44.1327471	-186.67
-111.3062837	44.1335831	-190.82
-111.2736126	44.1317484	-191.37
-111.2494418	44.133251	-192.39
-111.0226141	44.1317581	-209.14
-111.012777033	44.1331496	-208.906666667
-110.8819306	44.1315984	-203.445
-110.8185992	44.1316014	-208.18
-110.7731831	44.1323515	-211.96
-110.769938	44.1323517	-212.59
-110.7481825	44.1323515	-213.74
-110.7399373	44.1323517	-215.345
-110.729927	44.1323521	-215.36
-110.7099364	44.1323527	-214.26
-110.6774355	44.1323538	-215.47
-111.3574555	44.1269145	-188.1
-111.3281145	44.1270828	-191.26
-111.3206142	44.1297489	-179.79
-111.0601654	44.1272019667	-205.126666667
-111.040111367	44.1298702333	-207.603333333
-110.9436871	44.1273445	-200.595
-110.8474298	44.128766	-207.53
-110.8456848	44.1273491	-210.775
-110.692436	44.1298543	-215.965
-111.3109539	44.1254159	-188.92
-111.285113	44.1240841	-189.75
-111.1792794	44.1237519	-191.13
-111.0999967	44.1251998333	-202.306666667
-110.8857708	44.1239312	-206.72
-110.8791006	44.1237635	-204.14
-110.7890985	44.1248507	-212.41
-110.1129135	44.1236116	-223.13
-111.4126173	44.1189139	-185.86
-111.3474451	44.1182475	-186.36
-111.2997835	44.1192509	-189.23
-110.0930728	44.1219487	-218.94
-109.7385603	44.1216146	-208.62
-111.3206142	44.1145816	-185.99
-111.12619765	44.1160861	-199.085
-111.1257776	44.1159221	-198.89
-110.9252717	44.1165933	-200.513333333
-110.7761883	44.1166003	-207.275
-110.6645953	44.1146044	-210.42
-111.4477885	44.1127495	-182.35
-111.4204576	44.1112467	-183.86
-111.3339546	44.1110835	-185
-111.2832829	44.1127509	-189.78
-111.2509518	44.1130832	-187.91
-110.9291119	44.1132631	-203.8
-109.8019027	44.1114476	-217.97
-111.4754595	44.1077482	-182.91
-111.4361181	44.1072485	-181.66
-111.3646157	44.1095802	-185.66
-110.9486873	44.1098441	-200.53
-110.6851809	44.1087707	-212.055
-111.4069571	44.1037467	-182.2
-111.3902865	44.1020798	-182.66
-111.1501935	44.10525485	-196.175
-111.1496085	44.1050869	-196.29
-110.7681832	44.1057706	-206.26
-110.7474378	44.1046036	-211.94
-111.4204575	44.1002486	-181.64
-111.375286	44.101916	-185.31
-111.3402848	44.1002492	-185.21
-111.3247843	44.1002493	-186.52
-111.2937832	44.1002496	-190.63
-111.2739526	44.1002498	-190.53
-111.2537819	44.0984149	-189.65
-111.1731942	44.10033475	-191.96
-110.6665955	44.1007724	-209.025
-111.4761194	44.0969141	-177.61
-111.4555687	44.0968023	-177.663333333
-111.435618	44.0967464	-179.19
-111.3552853	44.0969151	-184.99
-111.1862797	44.0959191	-191.31
-110.7345975	44.0977681	-212.05
-110.6931863	44.0941036	-212.165
-110.6406798	44.0957724	-214.6
-110.6190941	44.0973562	-215.58
-111.49279	44.0907459	-176.76
-111.4459584	44.0930803	-177.68
-110.9424424	44.0907593	-204.72
-110.7024366	44.0902692	-202.47
-110.5981836	44.093275	-215.595
-111.4761194	44.0895821	-175.88
-111.4157873	44.0892475	-180.62
-111.226111	44.0877492	-189.38
-111.2252809	44.0875823	-189.81
-111.200946833	44.0893616667	-190.093333333
-111.0662758	44.0895912	-204.42
-110.6856812	44.0867719	-209.19
-110.6541052	44.088272	-211.23
-111.4559587	44.0822471	-176.21
-111.4459583	44.0824142	-177.48
-111.435958	44.0842463	-178.73
-111.3957867	44.0855816	-182.64
-111.375446	44.0854137	-183.68
-111.3352846	44.085582	-186.59
-111.3139439	44.0854142	-188.8
-111.2941132	44.0854143	-191.17
-111.2739525	44.0854144	-191.31
-111.2537818	44.0852506	-190.53
-110.5906834	44.08485835	-214.86
-110.9841035	44.0782602	-205.085
-109.6840569	44.0814507	-201.1
-111.4491184	44.0748311	-178.505
-111.2739525	44.0747482	-192.46
-111.2537818	44.0745804	-191.2
-110.6906814	44.0757698	-212.75
-110.6844362	44.07727	-210
-110.5799332	44.0766099	-215.46
-109.762901	44.0744495	-218.64
-109.5357184	44.0752837	-235.31
-111.4862897	44.0714129	-174.53
-111.466289	44.071413	-176.53
-111.4466183	44.0712491	-178.56
-111.435958	44.0714132	-179.21
-111.3954566	44.0714134	-182.06
-111.3804561	44.0712495	-182.04
-111.3551152	44.0712497	-184.79
-111.3399447	44.0710817	-185.74
-111.3141139	44.0712499	-189.22
-111.2939532	44.071082	-191.41
-111.1694392	44.0705853	-195.13
-110.9741133	44.0732596	-208.78
-111.4474583	44.0698301	-177.73
-111.4156173	44.0690823	-180.48
-111.3524551	44.06983065	-186.035
-111.0096042	44.0687571	-207.16
-110.9931888	44.0690927	-209.725
-109.7085582	44.0689498	-216.28
-110.7140972	44.065771	-210.93
-110.5856785	44.0648588	-214.885
-109.6168929	44.0657845	-210.62
-111.4359579	44.058081	-179.38
-111.0486955	44.0598407	-202.625
-111.0291149	44.0618401	-208.625
-110.9706883	44.0615937	-209.28
-111.4962899	44.0570807	-176.01
-111.4784593	44.0569128	-176.16
-111.4582887	44.0570809	-177.61
-111.4156172	44.0569131	-180.33
-111.3982866	44.0569132	-181.3
-111.3819461	44.0569133	-181.58
-111.3601254	44.0569134	-183.34
-111.3381146	44.0569135	-186.25
-111.318124	44.0567496	-188.88
-111.2981133	44.0567497	-191.66
-111.2744525	44.0567498	-193.21
-111.258622	44.0565819	-193.09
-111.2424514	44.054831	-191.845
-111.2386963	44.0560831	-192.185
-111.0891068	44.0540864	-207.355
-111.083113267	44.0552537	-203.243333333
-110.7965994	44.0574329	-205.37
-110.6905966	44.0541029	-208.29
-111.3306994	44.0532475	-185.835
-111.1911099	44.050252	-193.51
-111.1362782	44.0532524	-197.92
-110.7166074	44.0532699	-208.47
-110.6031791	44.0532743	-212.375
-109.6762262	44.0536153	-201.29
-111.4382879	44.0460789	-179.33
-110.9666133	44.0498428	-208.925
-110.6924367	44.0466029	-207.285
-109.7238988	44.049118	-209.79
-111.4987899	44.0422456	-175.17
-111.4156172	44.042414	-180.67
-111.3984566	44.042082	-181.37
-111.3841161	44.0420821	-182.76
-111.3632854	44.0420822	-184.49
-111.2586219	44.0432496	-194.21
-110.7174375	44.043272	-205.56
-109.6437242	44.0421189	-208.08
-111.4786293	44.0412457	-176.49
-111.3384546	44.0419143	-187.41
-111.321124	44.0417463	-190.18
-111.2989433	44.0417464	-192.37
-111.2797826	44.0415825	-194.6
-111.1719493	44.0414177	-194.44
-111.1596189	44.0410862	-195.87
-110.9091021	44.0382624	-200.125
-110.904112	44.0382627	-199.15
-110.7265978	44.0398536	-203.16
-110.6190946	44.0398579	-215.11
-111.0159447	44.036423	-207.47
-110.9724336	44.0373414	-208.78
-110.9266026	44.0348436	-204.82
-110.8081848	44.0341012	-192.56
-110.7915994	44.036601	-199.76
-110.7199376	44.0357679	-202.025
-110.7106823	44.0366043	-204.845
-111.4384579	44.0334148	-180.27
-110.8956919	44.033262	-198.15
-110.8831866	44.0323466	-198.425
-110.8274403	44.0332653	-190.055
-110.7765991	44.0323517	-197.845
-110.6924368	44.032771	-206.585
-111.4974598	44.0279135	-177.31
-111.4786292	44.0279136	-178.17
-111.4142871	44.0290808	-181.4
-111.3934564	44.0285809	-182.89
-111.3787859	44.0274139	-184.28
-111.3586152	44.027082	-187.28
-111.3384546	44.027082	-189.91
-111.3184539	44.0272461	-192.38
-111.2991133	44.0274142	-194.34
-111.2831127	44.0272462	-195.92
-111.261452	44.0270823	-194.3
-111.2141106	44.0270837	-191.31
-111.1316182	44.0277511	-199.915
-111.1001072	44.0267533	-202.43
-111.0709464	44.0260865	-202.29
-111.0357753	44.029422	-204.83
-110.9591134	44.0265949	-208.405
-110.943193	44.0290937	-210.81
-110.8706863	44.0298472	-198.78
-110.854931	44.0273469	-195.69
-110.8406906	44.0290986	-192.24
-110.7656839	44.0291022	-195.055
-110.7431834	44.026605	-198.165
-110.7140975	44.0273532	-201.38
-110.6935969	44.026103	-206.41
-110.6241049	44.0266099	-214.3
-110.6806816	44.0232736	-206.98
-109.7594005	44.0256148	-226.6
-111.4307876	44.0214137	-179.22
-111.1464486	44.0199183	-198.15
-110.729928	44.0216036	-198.46
-110.7124376	44.0191023	-200.015
-110.694107	44.0187711	-206.495
-111.4974598	44.0145814	-177.93
-111.4586185	44.0172476	-179.56
-110.7690991	44.014103	-191.875
-109.5435481	44.0171185	-215.29
-111.4786291	44.0132455	-179.22
-111.4251174	44.0132456	-180.34
-111.4042867	44.0135817	-180.23
-111.3386145	44.0127468	-189.71
-111.2737824	44.0127469	-197.45
-111.214507267	44.0128040667	-192.87
-111.160779	44.0124186	-197.65
-110.7849295	44.0115992	-190.145
-111.3736157	44.0070816	-183.25
-111.3181238	44.0090808	-192.32
-111.2994532	44.0090808	-195.96
-111.2587819	44.0089129	-195.14
-110.7206829	44.009104	-196.455
-110.7106826	44.0091044	-200.885
-110.687990267	44.0071610667	-205.183333333
-111.4894595	44.0040794	-177.48
-111.4692888	44.0054144	-179.87
-111.4482881	44.0059145	-180.79
-111.4241173	44.0020805	-179.35
-110.6931871	44.0023552	-203.845
-110.8081852	44.0016	-183.365
-110.7465987	44.000768	-192.54
-110.7324383	44.0016036	-195.22
-110.6774367	44.0002709	-205.515
-110.6340954	44.0007728	-212.28
-109.614222	44.0011192	-214.91
