-121.599445	41.9992041	-138.79
-121.5610192	41.9982052	-144.48
-121.51977126	41.9984405	-146.272
-121.7794496	41.9967011	-170.195
-121.777662833	41.9965891	-169.766666667
-121.7564386	41.9940341	-171.24
-121.7114075	41.9951725	-162.11
-121.597765	41.9952892	-140.42
-121.3794313	41.9967101	-154.585
-121.3294307	41.9945431	-145.255
-121.895947175	41.9900757	-141.7075
-121.6597764	41.99354	-151.96
-121.4182718	41.9937933	-152.245
-121.4661024	41.9878755	-152.62
-121.4659424	41.9877115	-152.65
-121.6167755	41.9847054	-151.54
-121.505273	41.9855408	-150.97
-121.3477608	41.9827944	-152.705
-121.957563967	41.981035	-141.98
-121.7559487	41.9785357	-171.51
-121.5427639	41.9787888	-152.06
-121.9214458	41.977033	-142.03
-121.8822741	41.974702	-141.02
-121.881034	41.974702	-141.25
-121.7136076	41.9758742	-162.79
-121.3202704	41.9778775	-147.21
-121.3177704	41.9777095	-147.05
-121.5644344	41.971541	-142.415
-121.996005567	41.9665354	-147.35
-121.9762881	41.9662034	-146.09
-121.9574573	41.9667033	-144.26
-121.9210307	41.9682022	-148.735
-121.9127854	41.9665353	-152.505
-121.6502763	41.9678717	-162.34
-121.486496133	41.9679872333	-158.776666667
-121.4844328	41.9677934	-158.675
-121.835608767	41.9653122	-144.553333333
-121.5959351	41.964206	-150.95
-121.5935201	41.9646235	-151.27
-121.9017849	41.9597854	-145.545
-121.976033	41.9520366	-152.62
-121.940503167	41.9520912667	-152.57
-121.9242758	41.9537036	-151.99
-121.8044508	41.9530356	-143.365
-121.5294437	41.9537087	-155.66
-121.4695176	41.9535441	-159.98
-121.4160167	41.9505452	-158.17
-121.3710159	41.9505452	-159.635
-121.4610174	41.9457943	-161.55
-121.5990203	41.9342078	-152.73
-121.4960181	41.9377934	-164.39
-121.3381002	41.9370456	-155.9
-121.3379302	41.9370456	-155.92
-121.6038055	41.9282405	-155.7
-121.4394321	41.9257947	-159.915
-121.437772	41.9257127	-159.99
-121.9960336	41.9187043	-158.875
-121.4177616	41.9217948	-160.095
-121.9544469	41.9102856	-162.32
-121.95303685	41.9110366	-162.21
-121.8011108	41.9117049	-146.46
-121.9535319	41.9097016	-161.955
-121.7819401	41.908703	-158.4
-121.3502702	41.9072113	-156.68
-121.3459301	41.9072113	-156.64
-121.64710655	41.9034167	-161.075
-121.5994455	41.9030426	-157.535
-121.4044413	41.9032103	-157.53
-121.4960182	41.900211	-164.105
-121.4000162	41.9001278	-157.095
-121.3944311	41.9000444	-156.785
-121.9960335	41.8945388	-161.18
-121.3627604	41.8953786	-154.74
-121.8894543	41.8912052	-152.415
-121.4410171	41.8927963	-162.82
-121.6909376	41.8892061	-174.7
-121.3627603	41.8847128	-153.83
-121.3247694	41.8822951	-147.2
-121.6960228	41.8789577	-174.94
-121.9794477	41.8712043	-159.483333333
-121.88853425	41.87253795	-149.2725
-121.7810252	41.8722888	-162.815
-121.7296086	41.8723735	-158.4875
-121.7236084	41.872539	-161.54
-121.7214484	41.8722081	-160
-121.5444344	41.873541	-160.32
-121.5160188	41.8737093	-157.76
-121.3442697	41.8662124	-149.215
-121.9644471	41.8657875	-165.03
-121.9194454	41.8657877	-156.555
-121.7421089	41.862209	-160.45
-121.7394388	41.862209	-160.58
-121.5944356	41.8650416	-153.325
-121.9184553	41.8512051	-160.04
-121.9027747	41.8507052	-153.28
-121.8994446	41.8508732	-153.1
-121.8677835	41.8507894	-149.225
-121.5894356	41.8485431	-151.185
-121.35943	41.8497137	-146.22
-121.3407695	41.8483789	-146.92
-121.9809576	41.8440368	-164.225
-121.5890256	41.8447932	-150.66
-121.750995867	41.8408738667	-157.993333333
-121.30859355	41.84154725	-144.8275
-121.9577867	41.8367892	-167.405
-121.474858	41.8326293	-150.08
-121.8292721	41.8265404	-149.57
-121.5544449	41.8262932	-149.035
-121.6801077	41.8234175	-155.3275
-121.5434797	41.8185456	-151.0175
-121.3594297	41.81929645	-144.265
-121.5877757	41.8147121	-150.79
-121.5594351	41.8147945	-150.56
-121.8244419	41.8107899	-151.895
-121.4560175	41.8122118	-146.13
-121.3057581	41.8107981	-141.87
-121.7410242	41.806043	-155.535
-121.405441	41.8045484	-143.605
-121.306098	41.8032143	-142.88
-121.305928	41.8032143	-142.93
-121.7362791	41.8012091	-153.745
-121.3046829	41.7977555	-142.3375
-121.5619453	41.7932131	-148.175
-121.7441093	41.7892082	-159.92
-121.6644376	41.7862116	-154.605
-121.9160301	41.7827058	-160.61
-121.6061063	41.7832106	-158.24
-121.6059463	41.7832106	-158.24
-121.5727755	41.7837111	-148.265
-121.56802045	41.7820443	-147.915
-121.4627727	41.7782124	-142.905
-121.3044376	41.779299	-143.435
-121.9995378	41.776541	-167.62
-121.7977811	41.7720414	-157.3
-121.9994578	41.7695411	-167.125
-121.9977877	41.7662072	-166.87
-121.9602865	41.7660397	-162.56
-121.819281867	41.7697628667	-162.84
-121.76169	41.766875	-155.04
-121.7577798	41.767041	-154.76
-121.7411094	41.7663746	-158.38
-121.7377693	41.7662107	-158.43
-121.9594565	41.7657077	-163
-121.8963184	41.76504066	-163.98
-121.8561664	41.7657635667	-162.273333333
-121.3028899	41.7650079	-141.9125
-121.7977812	41.7582098	-160.875
-121.9982877	41.7557894	-165.465
-121.6866082	41.7578758	-164.5
-121.6844382	41.7577118	-163.65
-121.5548603	41.7552543	-146.535
-121.3027672	41.7492137	-141.635
-121.3019272	41.7492977	-141.535
-121.4462722	41.7425488	-140.205
-121.8896141	41.7407052	-170.77
-121.8827839	41.7407052	-170.05
-121.8181119	41.7417049	-165.07
-121.8159418	41.7417049	-164.28
-121.7794507	41.7407048	-159.605
-121.9992876	41.7375397	-163.68
-121.9927874	41.7375397	-162.91
-121.8676134	41.7373712	-170.26
-121.8627733	41.7372072	-170.31
-121.5392749	41.737876	-142.56
-121.4210162	41.7355491	-140.705
-121.5342648	41.7323792	-145.7
-121.3525138	41.7302166	-137.47
-121.6685279	41.7285445	-165.12
-121.5283921	41.7260433	-145.9625
-121.6619477	41.7257106	-166.27
-121.6559376	41.7257106	-165.38
-121.9941173	41.721373	-162.54
-121.9909472	41.721206	-162.65
-121.821527	41.7192065	-166.82
-121.8177819	41.7192065	-166.55
-121.7861109	41.7187064	-160.68
-121.7859509	41.7187064	-160.68
-121.7177791	41.7182923	-161.315
-121.5257745	41.7153775	-146.9
-121.5089441	41.7137107	-146.52
-121.505944	41.7137107	-145.53
-121.9769467	41.7077052	-161.9
-121.9709465	41.7077052	-161.09
-121.4077705	41.7075494	-138.03
-121.3510135	41.7060468	-139.395
-121.79611125	41.7022884	-161.415
-121.7199392	41.7037935	-162.66
-121.5311046	41.7035447	-152.14
-121.477353	41.7045469	-145.87
-121.9677864	41.7007053	-160.325
-121.85594305	41.7012051	-172.04
-121.7234493	41.6948766	-162.07
-121.8761137	41.6935413	-170.86
-121.8727836	41.6935413	-171.09
-121.7544401	41.6900392	-163.23
-121.7287794	41.6912107	-162.1
-121.6596077	41.6938771	-159.01
-121.6577777	41.6937091	-159
-121.6410223	41.6915432	-157.81
-121.5449349	41.6907675333	-152.02
-121.452772	41.6915472	-138.25
-121.7324995	41.6884880333	-163.47
-121.4461018	41.6888802	-138.19
-121.4459318	41.6887163	-138.17
-121.3394279	41.6862151	-141.43
-121.3375978	41.6863832	-141.43
-121.9522009	41.6857906	-163.705
-121.9007844	41.6850385	-168.57
-121.7339396	41.6832107	-161.67
-121.54434985	41.684544	-153.825
-121.8244422	41.6810416	-161.98
-121.8109418	41.6810416	-159.2
-121.7357696	41.6793778	-159.27
-121.550105	41.681545	-153.77
-121.7351096	41.6747119	-158.84
-121.6577777	41.6747944	-156.415
-121.6194367	41.6767116	-158.235
-121.591946	41.6740459	-157.295
-121.3544284	41.6760491	-140.785
-121.735496333	41.6713769	-161.51
-121.6192667	41.6725457	-157.18
-121.6027763	41.6722948	-157.79
-121.6019363	41.6720428	-157.435
-121.5571051	41.6708792	-152.67
-121.4511018	41.6705473	-144.91
-121.3332675	41.6705484	-136.04
-121.7344397	41.666377	-159.52
-121.6777782	41.6665454	-156.16
-121.6721081	41.6665454	-154.98
-121.5806057	41.6663781	-157.55
-121.5416047	41.6698803	-151.66
-121.5377746	41.6697123	-151.69
-121.3894396	41.6670499	-141.23
-121.8827838	41.66304	-166.28
-121.8709435	41.66304	-165.45
-121.429441	41.6657146	-140.16
-121.321012	41.66429955	-144.88
-121.7342797	41.661876	-159.42
-121.6977787	41.6617943	-158.275
-121.7344397	41.6560431	-154.45
-121.6607778	41.6578786	-153.8
-121.5892759	41.6548772	-156.5
-121.7351097	41.6518772	-156.1
-121.6601078	41.6525457	-152.79
-121.6000212	41.6516292	-152.29
-121.5977661	41.6515472	-152.61
-121.459442	41.6537164	-146.04
-121.95211575	41.6467093	-162.54
-121.9287001	41.6485408	-164.51
-121.9209449	41.6475414	-164.13
-121.7344397	41.6467943	-158.16
-121.7333297	41.6471549667	-156.756666667
-121.379429	41.6492162	-141.91
-121.377269	41.6492162	-142.73
-121.3444277	41.6467995	-145.645
-121.97103125	41.6452903	-161.86
-121.8374426	41.6425406	-161.17
-121.6592677	41.6425439	-152.71
-121.595276	41.6433794	-150.32
-121.5717654	41.6445475	-149.56
-121.554275	41.6458786	-151.66
-121.5436047	41.6430448	-151.2
-121.6880235	41.6407107	-153.28
-121.8626133	41.6362077	-162.94
-121.8326124	41.6375437	-164.44
-121.7744409	41.6362079	-152.42
-121.7477801	41.6375463	-153.97
-121.7339398	41.6367104	-154.44
-121.668608	41.6355439	-149.63
-121.6562777	41.634377	-149.27
-121.6037763	41.6370434	-150.96
-121.487763	41.6360472	-151.055
-121.8007816	41.6322069	-162.11
-121.7977815	41.6322069	-162.09
-121.7329398	41.6315455	-153.25
-121.6777783	41.6333769	-152.37
-121.7909413	41.629876	-158.63
-121.7727808	41.6297081	-159.45
-121.732609767	41.6269335667	-154.353333333
-121.6401072	41.6280443	-149.25
-121.6297769	41.6285443	-148.37
-121.6197767	41.6298794	-148.07
-121.6102764	41.6295435	-147.25
-121.5262741	41.6260462	-152.13
-121.5237741	41.6295442	-152.38
-121.9944468	41.6232077	-161.88
-121.9919567	41.6233757	-161.89
-121.7241095	41.6223787	-150.74
-121.6607778	41.6255462	-153.79
-121.6496075	41.6223793	-148.3
-121.61510655	41.62225435	-148.0175
-121.5977661	41.6220447	-145.64
-121.5261041	41.6255472	-152.95
-121.4282707	41.6243819	-144.92
-121.4259406	41.6242139	-145.1
-121.9907867	41.6205418	-161.67
-121.7287797	41.6188767	-149.31
-121.6872685	41.6180461	-151.59
-121.6747782	41.6210441	-149.39
-121.5717653	41.618547	-146.03
-121.5652652	41.621545	-153.1
-121.5187739	41.6215454	-152.13
-121.9736162	41.6145409	-162.76
-121.8841138	41.6160402	-164.15
-121.7282797	41.6150438	-148.79
-121.5792655	41.617047	-144.18
-121.5167638	41.6160445	-153.22
-121.7312798	41.6129341333	-154.496666667
-121.6636079	41.6122133	-150.54
-121.6196067	41.6135457	-150.9
-121.5532748	41.6110473	-150.29
-121.5146837	41.6115476	-152.875
-121.3444274	41.6127179	-146.24
-121.9446154	41.6095401	-164.295
-121.7302698	41.6077119	-153.68
-121.6766083	41.6098793	-148.33
-121.6594378	41.6098794	-149.84
-121.6242768	41.6095437	-150.3
-121.6086063	41.6088799	-145.51
-121.5981061	41.6088799	-144.55
-121.5342643	41.6065465	-148.97
-121.5196038	41.6075456	-153.95
-121.9210298	41.6052103	-163.8
-121.7282797	41.6033779	-152.73
-121.6594378	41.6057135	-147.07
-121.6292769	41.6025438	-151.33
-121.6206067	41.6025439	-142.19
-121.5852757	41.6035471	-143.02
-121.5377743	41.6050465	-148.87
-121.5222639	41.6045477	-152.57
-121.724612125	41.60154525	-152.9425
-121.7204395	41.599876	-152.12
-121.6597778	41.5988776	-149.36
-121.6542776	41.5980456	-150.51
-121.6536076	41.6002126	-148.5
-121.6236068	41.5998769	-144.51
-121.5761054	41.5980463	-141.58
-121.5452745	41.5998775	-146.74
-121.337512	41.5985501	-146.68
-121.9997767	41.5968751	-163.43
-121.892114	41.5960446	-166.04
-121.7694409	41.5947091	-157.77
-121.7169494	41.5970461	-151.29
-121.666938	41.5978785	-149.73
-121.665938	41.5947116	-149.54
-121.6611078	41.5965466	-149.1
-121.6532776	41.5940447	-153.31
-121.6401072	41.5965468	-152.87
-121.6177766	41.596048	-147.39
-121.6121064	41.597047	-144.12
-121.5861057	41.5960483	-141.7
-121.5798555	41.59454485	-142.39
-121.5744354	41.5950444	-141.55
-121.5681052	41.5945454	-142
-121.5497747	41.5970476	-144.32
-121.4294405	41.5970501	-143.51
-121.9578357	41.5933747333	-163.653333333
-121.7146094	41.5912132	-152.09
-121.7102792	41.5915453	-149.15
-121.6721082	41.5905466	-152.61
-121.66427295	41.5907122	-149.295
-121.6536076	41.5908788	-153.1
-121.6286069	41.591378	-146.95
-121.6241068	41.590379	-142.81
-121.6057762	41.5903792	-142.55
-121.5571048	41.5910466	-143.81
-121.7119393	41.5875443	-152.54
-121.702109	41.5895464	-151.15
-121.6857786	41.5878795	-150.61
-121.6624379	41.5873807	-149.79
-121.614659833	41.5861565333	-145.088333333
-121.596276	41.5878803	-141.24
-121.5881057	41.5893794	-141.53
-121.5812755	41.5863775	-144.78
-121.5706052	41.5885445	-142.58
-121.5492646	41.5865458	-144.87
-121.5247739	41.587546	-152.17
-121.3327667	41.5860493	-148.175
-121.7126093	41.5838783	-152.87
-121.7072792	41.5858774	-150.57
-121.6636079	41.5850458	-153.8
-121.6392772	41.582379	-152.25
-121.6246068	41.5835471	-148.29
-121.5687752	41.5838796	-143.35
-121.563265	41.5830477	-144.45
-121.5537747	41.5838798	-143.96
-121.5422744	41.5833799	-147.17
-121.5362642	41.5835479	-146.2
-121.4770173	41.5827137	-149.425
-121.9642858	41.5788746	-165.82
-121.94053015	41.5797937	-164.305
-121.7141094	41.5795444	-152.69
-121.6752683	41.5792128	-152.1
-121.6709381	41.5792128	-150.96
-121.665778	41.5815438	-154.27
-121.6619479	41.5813798	-151.42
-121.6536076	41.5795449	-152.35
-121.6497775	41.58088	-154.05
-121.6394472	41.5795451	-152.72
-121.630777	41.5815441	-150.79
-121.6294369	41.5815441	-149
-121.62027665	41.5806307	-147.26
-121.6091063	41.5790454	-146.57
-121.6021061	41.5788784	-143.97
-121.5867757	41.5808805	-142.66
-121.5512646	41.5813808	-144.8
-121.5477745	41.5803819	-146.74
-121.4225151	41.5782173	-144.865
-121.9886163	41.5755436	-165.15
-121.9185346	41.5752089	-165.785
-121.8754536	41.5770441	-168.77
-121.8727835	41.5770441	-167.66
-121.7134394	41.5760465	-151.09
-121.7091093	41.5743795	-152.63
-121.6717782	41.5740439	-150.73
-121.6267668	41.5753793	-147.49
-121.6202666	41.5753793	-147.03
-121.5947759	41.5763795	-143.11
-121.5852756	41.5765476	-143.53
-121.5347741	41.5755481	-146.66
-121.851028	41.5720424	-165.25
-121.7644508	41.5732108	-151.22
-121.70854528	41.57227956	-152.218
-121.6927788	41.5700467	-150.37
-121.6886087	41.5718777	-152.72
-121.5811055	41.5730457	-144.18
-121.5622649	41.5708789	-144.85
-121.4144297	41.570298	-144.38
-121.8038618	41.56804575	-156.58
-121.6937788	41.5693787	-151.25
-121.6566077	41.5685471	-147.81
-121.5927758	41.5685477	-152.5
-121.5767753	41.5665459	-145.65
-121.5287639	41.5675453	-149.92
-121.497603	41.5660475	-146.3
-121.8310275	41.5657107	-167.305
-121.5816055	41.5638789	-147.46
-121.5743253	41.5633806	-147.25
-121.5632649	41.564547	-145.5
-121.5572748	41.5640471	-147.62
-121.5491045	41.5653782	-148.24
-121.5411043	41.5638793	-148.97
-121.5236037	41.5630484	-150.27
-121.5102734	41.5635476	-153.83
-121.9160295	41.5610413	-165.405
-121.77228105	41.5587112	-161.87
-121.5827755	41.558047	-148.19
-121.531604	41.5590464	-150.9
-121.9610306	41.5560441	-166.835
-121.5881057	41.554045	-149.56
-121.5461044	41.5575473	-149.56
-121.5062732	41.5565477	-152.13
-121.4982729	41.5565486	-154.26
-121.6529376	41.5527949	-149.345
-121.5582747	41.5513783	-150.54
-121.5131034	41.5508798	-151.32
-121.3177658	41.5500509	-150.95
-121.850943	41.547793	-166.28
-121.6682781	41.5498783	-150.2
-121.5927758	41.548548	-151.59
-121.5687751	41.5485483	-149.97
-121.7022691	41.5430461	-153.22
-121.632107	41.5450457	-149.57
-121.5912657	41.5420482	-153.3
-121.552441233	41.5443798333	-151.723333333
-121.5507745	41.5380466	-153.64
-121.5122733	41.538882	-152.41
-121.503773	41.5393821	-152.11
-121.4916026	41.5405498	-153.06
-121.9110343	41.53696135	-164.67
-121.7077793	41.5377951	-156.905
-121.704722533	41.5377677667	-156.883333333
-121.6402772	41.5375458	-151.53
-121.5846055	41.5340484	-155.91
-121.5311039	41.5370479	-153.7
-121.6362771	41.5308779	-154.42
-121.5272737	41.533046	-152.49
-121.5091031	41.5303802	-153.72
-121.8994441	41.5287921	-165.455
-121.7042692	41.5263803	-155.56
-121.63169195	41.526465	-154.35
-121.5886056	41.5285474	-156.12
-121.5552746	41.5270488	-156.32
-121.5211035	41.5260462	-151.57
-121.692401375	41.5243792	-157.5475
-121.6107663	41.5255453	-156.33
-121.6042661	41.5240463	-157.45
-121.5961058	41.5255454	-156.78
-121.506773	41.5235474	-152.97
-121.5477743	41.521548	-155.225
-121.5167633	41.5198813	-152.81
-121.404439	41.5182161	-146.48
-121.9010291	41.5165434	-164.55
-121.7102795	41.5147114	-157.95
-121.6236067	41.5148793	-156.38
-121.6032761	41.5160475	-159.3
-121.5312738	41.5178832	-156.79
-121.5037679	41.5167975	-152.005
-121.3544269	41.5152188	-150.36
-121.7869516	41.5123795	-168.68
-121.7844415	41.5122115	-168.5
-121.7410255	41.5117961	-162.48
-121.5677749	41.5118819	-157.72
-121.5017628	41.5120466	-153.91
-121.32101055	41.5117173	-151.62
-121.7113895	41.5061021667	-160.106666667
-121.708669467	41.5071005	-158.766666667
-121.7056093	41.5043806	-156.53
-121.6109363	41.5022157	-161.39
-121.5942758	41.5058818	-158.39
-121.8910288	41.4997077	-164.9
-121.8277824	41.4980401	-168.475
-121.4009287	41.4997142	-145.9
-121.8844436	41.4952928	-165.855
-121.4922723	41.495549	-153.67
-121.9862857	41.4928768	-159.56
-121.9707854	41.4920447	-158.3
-121.9652752	41.4890427	-156.62
-121.6977789	41.4882142	-160.735
-121.609106	41.487546	-158.54
-121.4149291	41.4885493	-146.21
-121.4077688	41.4885494	-147.17
-121.775781	41.4808741	-164.44
-121.7727809	41.4807101	-164.55
-121.4812616	41.4795502	-150.085
-121.4794315	41.4767992	-149.735
-121.4559305	41.4727144	-147.52
-121.4484302	41.4728824	-148.41
-121.3594265	41.4672179	-152.58
-121.81569145	41.463209	-165.215
-121.8838203	41.4585027	-162.0025
-121.879577156	41.4582647	-161.833333333
-121.876323163	41.4585785105	-162.629473684
-121.872111338	41.459939075	-163.565
-121.8691125	41.45979355	-164.355
-121.7293544	41.4617977	-161.7775
-121.5294429	41.4585475	-158.55
-121.88285775	41.4573767	-162.565
-121.8793637	41.4573767	-162.34
-121.876187605	41.4573767	-162.406
-121.873222567	41.4573766	-162.626666667
-121.7850307	41.457209	-162.51
-121.7810256	41.4567929	-162.89
-121.4044382	41.4577148	-147.67
-121.8794425	41.4502099	-162.885
-121.997615	41.4490428	-167.35
-121.4877613	41.4470485	-150.81
-121.4627703	41.4467996	-147.005
-121.8277813	41.4422937	-165.68
-121.8877825	41.4415432	-162.795
-121.8612369	41.43820985	-161.965
-121.5861044	41.4418809	-156.87
-121.5859344	41.4417129	-156.88
-121.9932746	41.43438	-167.79
-121.9004426	41.4345434	-162.31
-121.8977826	41.4345434	-161.56
-121.8782772	41.4350443	-162.125
-121.876653438	41.4359606	-162.23875
-121.8722821	41.4365452	-162.3
-121.866967	41.4368356125	-162.31125
-121.864084442	41.4376127667	-162.341666667
-121.69102265	41.436712	-158.36
-121.6861075	41.436712	-158.4
-121.684270767	41.4357686667	-158.486666667
-121.9666989	41.426878	-161.54
-121.9644438	41.426712	-162.25
-121.9094427	41.4290426	-160.575
-121.8119506	41.427655	-161.743333333
-121.8061105	41.427543	-161.6
-121.8059405	41.427543	-161.62
-121.6044348	41.4282132	-156.69
-121.4194283	41.4272171	-145.665
-121.3727665	41.4288003	-150.185
-121.9812741	41.4245452	-168
-121.9657838	41.4240461	-166.09
-121.789025	41.4202951	-158.585
-121.7244484	41.4197143	-158.915
-121.7144381	41.4197143	-158.945
-121.5560181	41.4185474	-149.35
-121.4552696	41.4208005	-147.705
-121.9144425	41.415546	-159.825
-121.4954311	41.4165508	-152.08
-121.4544295	41.41755	-148.72
-121.9044522	41.411045	-159.36
-121.847771	41.4107673667	-162.483333333
-121.844441	41.4107947	-162.54
-121.3850967	41.4085526	-149.54
-121.3809365	41.4085526	-149.59
-121.8920268	41.4040451	-160.975
-121.3390098	41.4032159	-153.34
-121.9610282	41.4015475	-161.92
-121.896221833	41.3994333	-158.223333333
-121.8361104	41.3942111	-161.25
-121.8294403	41.3942111	-161.33
-121.7937696	41.3955459	-164.43
-121.35142525	41.39638545	-149.515
-121.9960287	41.3912139	-160.43
-121.7909395	41.392212	-163.41
-121.667276	41.3915468	-149.44
-121.8977816	41.38829455	-158.11
-121.5844434	41.389297	-150.225
-121.47943	41.3877997	-146.57
-121.9022816	41.3830457	-157.23
-121.8560306	41.38279405	-160.535
-121.6144342	41.3820491	-148.11
-121.6119341	41.3820491	-149
-121.9209419	41.3787129	-159.24
-121.9152818	41.3787129	-159.86
-121.9090317	41.3817948	-158.17
-121.7286077	41.3792138	-154.055
-121.9560275	41.3757946	-160.71
-121.8887712	41.3770458	-157.22
-121.6747759	41.3745491	-145.25
-121.4559289	41.3750515	-146.8
-121.4419284	41.3750516	-147.62
-121.9202817	41.372544	-159.46
-121.7810239	41.3735436	-153.715
-121.9427821	41.3692962	-160.025
-121.8792808	41.367547	-152.26
-121.7094469	41.369048	-152.03
-121.59235825	41.3672974	-142.52
-121.48943	41.3653844	-154.01
-121.8852807	41.3590443	-156.18
-121.7062766	41.3610492	-148.63
-121.9577822	41.3572135	-158.745
-121.3494346	41.3572185	-145.925
-121.9577821	41.3537116	-159.805
-121.8377796	41.3505454	-154.91
-121.9282813	41.3463797	-158.35
-121.9205312	41.3483786	-155.88
-121.9032809	41.3490466	-155.41
-121.8796104	41.3495465	-155.4
-121.7870235	41.34854635	-150.8125
-121.8907705	41.3433777	-159.55
-121.8752802	41.3435457	-156.04
-121.8497696	41.3423786	-152.54
-121.8937805	41.3405478	-160.98
-121.4927697	41.3407156	-141.365
-121.455598333	41.3397165667	-143.313333333
-121.9617818	41.335797	-158.005
-121.9277811	41.3373819	-156.93
-121.9082807	41.3350469	-154.52
-121.8051086	41.3348788	-150.12
-121.6969358	41.3347986	-144.36
-121.669435	41.3357167	-140.16
-121.5444313	41.3360483	-132.795
-121.3477542	41.3352199	-145.675
-121.9727719	41.3322131	-157.065
-121.9236109	41.332464	-155.925
-121.9101106	41.331381	-155.23
-121.8127787	41.3322129	-153.25
-121.7077761	41.3322146	-143.96
-121.704776	41.3323816	-143.93
-121.6077731	41.3307151	-138.13
-121.5861024	41.3315472	-136.62
-121.5859324	41.3315472	-136.63
-121.4210119	41.3332163	-141.875
-121.628106967	41.3282716667	-141.21
-121.986942	41.3242972	-157.09
-121.88678	41.3225462	-153.24
-121.991527	41.3200483	-156.055
-121.744437	41.3217166	-144.26
-121.7419469	41.3218806	-144.24
-121.546101	41.3198826	-131.33
-121.545931	41.3197146	-131.23
-121.9327707	41.3142154	-154.05
-121.8394388	41.3142154	-145.58
-121.4007659	41.3149692	-141.55
-121.3977658	41.3147197	-141.52
-121.3655946	41.31755	-143.82
-121.3609245	41.31755	-142.97
-121.9877717	41.3100455	-153.13
-121.8594392	41.3100455	-151.78
-121.7671074	41.3135474	-143.21
-121.9877717	41.3090465	-153.05
-121.85935915	41.30846455	-151.625
-121.4544278	41.3093023	-138.575
-121.3277631	41.3092194	-146.15
-121.3194328	41.3092195	-146.18
-121.3060923	41.3065527	-149.18
-121.3059223	41.3065527	-149.18
-121.7689372	41.3047127	-141.47
-121.7644471	41.3052127	-142.46
-121.6144328	41.3037996	-136.915
